1	3	1	1
1	4	1	1
1	5	1	1
1	9	1	1
1	2	1	1
2	2	1	2
2	4	1	2
2	9	1	2
3	5	1	3
3	15	1	3
4	15	1	4
4	5	1	4
4	8	1	4
5	5	1	5
6	6	1	6
6	17	1	6
6	1	1	6
7	5	1	7
7	15	1	7
8	2	1	8
8	4	1	8
9	1	1	9
10	1	1	10
10	2	1	10
10	17	1	10
11	15	1	11
11	8	1	11
11	5	1	11
12	11	1	12
12	5	1	12
13	3	1	13
13	4	1	13
14	8	1	14
15	1	1	15
15	2	1	15
15	15	1	15
16	6	1	16
16	8	1	16
17	15	1	17
17	5	1	17
17	8	1	17
18	17	1	18
18	5	1	18
18	8	1	18
19	5	1	19
20	1	1	20
20	5	1	20
20	6	1	20
20	8	1	20
20	17	1	20
21	1	1	21
21	5	1	21
21	8	1	21
22	11	1	22
22	14	1	22
22	8	1	22
22	6	1	22
22	17	1	22
23	1	1	23
23	6	1	23
23	17	1	23
24	16	1	24
24	8	1	24
25	8	1	25
25	15	1	25
26	8	1	26
27	8	1	27
28	15	1	28
28	8	1	28
29	16	1	29
29	14	1	29
29	9	1	29
29	2	1	29
29	8	1	29
30	6	1	30
30	8	1	30
31	8	1	31
32	16	1	32
32	17	1	32
33	2	1	33
33	12	1	33
33	15	1	33
34	4	1	34
34	9	1	34
34	5	1	34
34	8	1	34
35	8	1	35
35	15	1	35
36	6	1	36
36	8	1	36
37	7	1	37
37	12	1	37
38	5	1	38
39	5	1	39
39	15	1	39
40	8	1	40
41	18	1	41
41	8	1	41
42	8	1	42
42	1	1	42
42	6	1	42
43	8	1	43
44	1	1	44
44	2	1	44
44	9	1	44
45	5	1	45
45	8	1	45
45	17	1	45
46	15	1	46
46	8	1	46
47	17	1	47
47	14	1	47
47	11	1	47
47	6	1	47
48	3	1	48
48	4	1	48
48	13	1	48
48	15	1	48
49	8	1	49
49	15	1	49
50	6	1	50
50	14	1	50
50	17	1	50
51	8	1	52
51	15	1	52
51	5	1	52
52	8	1	53
52	2	1	53
53	4	1	54
53	5	1	54
54	8	1	55
55	2	1	56
55	4	1	56
55	9	1	56
56	8	1	57
57	5	1	58
57	8	1	58
57	15	1	58
58	8	1	59
58	14	1	59
59	2	1	60
59	4	1	60
59	9	1	60
60	8	1	61
60	17	1	61
61	8	1	62
62	5	1	63
62	6	1	63
63	5	1	64
63	15	1	64
64	5	1	65
65	1	1	66
65	16	1	66
65	17	1	66
66	8	1	67
67	5	1	68
67	15	1	68
68	5	1	69
69	1	1	70
69	5	1	70
69	11	1	70
69	17	1	70
70	1	1	71
71	5	1	72
71	8	1	72
72	8	1	73
72	18	1	73
73	8	1	74
73	15	1	74
74	5	1	75
74	8	1	75
75	1	1	76
75	16	1	76
75	17	1	76
76	7	1	77
77	8	1	78
78	8	1	79
78	17	1	79
79	4	1	80
79	8	1	80
80	8	1	81
80	15	1	81
80	6	1	81
81	5	1	82
81	8	1	82
82	8	1	83
83	5	1	84
83	8	1	84
84	8	1	85
84	15	1	85
85	2	1	86
85	8	1	86
86	4	1	87
86	5	1	87
87	5	1	88
88	1	1	89
88	17	1	89
89	8	1	90
90	8	1	92
90	11	1	92
90	17	1	92
91	5	1	93
91	15	1	93
92	5	1	94
92	8	1	94
92	15	1	94
93	1	1	95
93	2	1	95
93	17	1	95
94	5	1	96
94	8	1	96
95	8	1	97
96	1	1	98
96	17	1	98
97	7	1	99
98	8	1	100
98	17	1	100
99	15	1	101
99	2	1	101
99	5	1	101
99	6	1	101
100	5	1	102
101	14	1	103
101	16	1	103
101	17	1	103
102	5	1	104
103	8	1	105
103	15	1	105
104	5	1	106
104	8	1	106
105	13	1	107
105	2	1	107
105	4	1	107
105	5	1	107
106	18	1	110
106	1	1	110
106	8	1	110
107	6	1	111
107	8	1	111
107	17	1	111
108	1	1	112
108	2	1	112
108	5	1	112
108	6	1	112
109	8	1	113
109	14	1	113
110	8	1	114
111	7	1	116
112	6	1	117
112	8	1	117
113	5	1	118
113	15	1	118
114	5	1	119
115	8	1	120
116	8	1	121
117	5	1	122
117	15	1	122
118	8	1	123
118	14	1	123
118	15	1	123
119	8	1	124
120	5	1	125
121	9	1	126
121	2	1	126
121	4	1	126
122	7	1	128
123	5	1	129
123	15	1	129
124	8	1	130
125	8	1	131
125	15	1	131
126	17	1	132
127	7	1	134
128	5	1	135
129	7	1	136
130	7	1	137
131	1	1	139
131	8	1	139
132	8	1	140
132	15	1	140
133	5	1	141
134	5	1	144
135	1	1	145
136	2	1	146
136	4	1	146
137	8	1	147
138	8	1	148
139	17	1	149
139	6	1	149
139	8	1	149
140	2	1	150
140	8	1	150
141	1	1	151
141	8	1	151
141	15	1	151
141	18	1	151
142	8	1	152
142	11	1	152
143	1	1	153
143	2	1	153
143	5	1	153
143	6	1	153
144	8	1	154
145	18	1	155
145	8	1	155
145	2	1	155
146	5	1	156
146	8	1	156
147	5	1	157
147	18	1	157
148	2	1	158
148	4	1	158
149	6	1	159
149	8	1	159
149	14	1	159
150	2	1	160
150	14	1	160
150	1	1	160
150	16	1	160
151	8	1	161
151	17	1	161
151	18	1	161
152	7	1	162
153	1	1	163
153	15	1	163
153	17	1	163
154	6	1	164
154	10	1	164
154	14	1	164
154	17	1	164
155	1	1	165
155	17	1	165
155	6	1	165
156	5	1	166
156	6	1	166
156	8	1	166
157	8	1	167
158	1	1	168
158	8	1	168
158	15	1	168
159	2	1	169
159	4	1	169
159	8	1	169
160	1	1	170
160	17	1	170
160	2	1	170
160	6	1	170
161	5	1	171
161	8	1	171
162	1	1	172
162	16	1	172
162	17	1	172
163	1	1	173
163	6	1	173
163	16	1	173
164	5	1	174
165	8	1	175
166	5	1	176
167	11	1	177
168	8	1	178
168	5	1	178
169	8	1	179
169	15	1	179
170	5	1	180
171	1	1	181
171	4	1	181
172	8	1	182
172	15	1	182
173	5	1	183
173	11	1	183
173	17	1	183
174	8	1	184
175	17	1	185
175	1	1	185
175	6	1	185
176	5	1	186
176	15	1	186
177	5	1	187
178	9	1	188
178	11	1	188
178	14	1	188
179	5	1	189
179	9	1	189
180	17	1	190
181	15	1	191
181	8	1	191
182	8	1	193
183	8	1	194
183	5	1	194
184	5	1	195
184	8	1	195
184	15	1	195
185	11	1	196
185	16	1	196
186	8	1	197
187	16	1	198
187	17	1	198
187	14	1	198
187	6	1	198
187	1	1	198
187	8	1	198
188	8	1	199
188	13	1	199
189	17	1	200
190	8	1	201
191	8	1	202
191	15	1	202
192	5	1	203
193	1	1	204
194	5	1	205
194	8	1	205
195	7	1	206
196	15	1	207
196	8	1	207
197	16	1	208
197	2	1	208
197	1	1	208
198	8	1	209
199	19	1	210
200	8	1	211
201	2	1	212
201	5	1	212
201	6	1	212
201	14	1	212
202	8	1	213
203	8	1	214
203	18	1	214
204	8	1	215
204	15	1	215
205	5	1	216
206	8	1	217
206	17	1	217
207	5	1	218
207	8	1	218
208	8	1	219
209	11	1	220
210	8	1	222
210	15	1	222
211	5	1	223
212	15	1	224
212	5	1	224
212	8	1	224
213	17	1	225
213	8	1	225
214	17	1	226
215	1	1	227
215	17	1	227
216	5	1	228
217	8	1	229
217	17	1	229
218	8	1	230
218	17	1	230
219	5	1	231
220	8	1	232
220	15	1	232
220	5	1	232
221	8	1	233
222	5	1	234
223	5	1	235
223	8	1	235
224	1	1	236
224	5	1	236
224	15	1	236
225	5	1	237
225	15	1	237
226	2	1	238
226	4	1	238
227	4	1	239
227	5	1	239
227	3	1	239
227	15	1	239
228	17	1	240
229	4	1	241
229	8	1	241
230	8	1	242
230	13	1	242
231	5	1	243
232	3	1	244
232	4	1	244
233	6	1	245
233	8	1	245
234	7	1	246
235	6	1	247
235	17	1	247
235	15	1	247
235	8	1	247
235	9	1	247
236	5	1	248
237	8	1	249
237	15	1	249
238	4	1	250
238	5	1	250
239	1	1	251
240	5	1	252
240	15	1	252
241	11	1	253
241	8	1	253
242	8	1	254
243	5	1	255
244	5	1	256
244	16	1	256
245	14	1	257
245	17	1	257
246	2	1	258
246	4	1	258
246	5	1	258
246	9	1	258
246	15	1	258
247	8	1	259
247	17	1	259
247	6	1	259
248	2	1	260
248	16	1	260
248	1	1	260
249	8	1	261
250	4	1	262
250	8	1	262
251	8	1	263
252	8	1	264
253	8	1	265
253	15	1	265
254	18	1	266
254	19	1	266
254	8	1	266
254	15	1	266
255	5	1	267
256	8	1	268
257	8	1	269
258	8	1	270
258	15	1	270
259	8	1	271
260	5	1	272
260	8	1	272
261	8	1	273
261	11	1	273
262	5	1	274
263	5	1	275
264	5	1	276
264	15	1	276
265	8	1	277
266	5	1	278
267	8	1	279
268	8	1	280
268	17	1	280
269	5	1	281
269	8	1	281
269	15	1	281
270	8	1	282
271	6	1	283
271	8	1	283
272	17	1	286
272	16	1	286
272	1	1	286
273	15	1	287
273	5	1	287
274	1	1	288
274	6	1	288
274	17	1	288
275	5	1	289
275	15	1	289
276	6	1	290
276	8	1	290
277	8	1	291
277	17	1	291
278	8	1	292
278	16	1	292
278	1	1	292
278	17	1	292
279	6	1	293
279	8	1	293
279	15	1	293
279	17	1	293
280	5	1	294
280	15	1	294
281	5	1	295
281	15	1	295
282	5	1	296
282	6	1	296
282	8	1	296
283	8	1	297
284	8	1	298
284	5	1	298
285	8	1	299
286	8	1	300
287	8	1	301
287	15	1	301
288	8	1	302
288	15	1	302
289	1	1	303
289	2	1	303
289	19	1	303
290	5	1	304
290	8	1	304
291	5	1	305
292	8	1	306
293	8	1	307
294	5	1	308
294	8	1	308
295	8	1	309
296	5	1	310
297	5	1	312
298	3	1	313
298	4	1	313
299	14	1	314
299	4	1	314
299	8	1	314
299	9	1	314
300	17	1	315
300	1	1	315
300	8	1	315
301	1	1	316
301	2	1	316
301	16	1	316
302	5	1	317
302	8	1	317
302	9	1	317
303	8	1	318
304	5	1	319
304	8	1	319
304	17	1	319
305	17	1	320
305	10	1	320
306	8	1	321
307	8	1	322
307	5	1	322
308	5	1	324
308	8	1	324
309	5	1	325
310	8	1	326
311	1	1	327
311	5	1	327
311	13	1	327
311	16	1	327
312	17	1	328
312	11	1	328
313	16	1	329
313	8	1	329
313	2	1	329
313	1	1	329
314	1	1	330
314	6	1	330
314	11	1	330
315	8	1	331
316	11	1	332
316	16	1	332
317	5	1	333
318	8	1	334
319	14	1	335
319	17	1	335
320	8	1	336
320	18	1	336
321	8	1	337
322	1	1	338
322	16	1	338
322	17	1	338
323	5	1	339
323	15	1	339
324	2	1	340
324	8	1	340
324	18	1	340
325	8	1	341
326	5	1	342
327	4	1	343
328	5	1	344
329	5	1	345
329	8	1	345
330	8	1	346
330	13	1	346
331	8	1	347
331	10	1	347
332	5	1	348
333	1	1	349
333	2	1	349
333	17	1	349
334	17	1	350
334	8	1	350
334	14	1	350
335	15	1	351
335	5	1	351
335	8	1	351
336	5	1	352
337	1	1	353
337	6	1	353
337	9	1	353
337	17	1	353
338	8	1	354
339	4	1	355
339	5	1	355
339	9	1	355
340	18	1	356
340	5	1	356
340	8	1	356
340	15	1	356
341	5	1	357
341	15	1	357
342	8	1	358
343	5	1	359
343	8	1	359
343	15	1	359
344	1	1	360
344	5	1	360
345	15	1	361
345	5	1	361
345	8	1	361
346	15	1	362
346	2	1	362
346	4	1	362
347	7	1	363
348	2	1	364
348	3	1	364
348	4	1	364
348	8	1	364
348	13	1	364
349	8	1	365
350	9	1	366
350	11	1	366
351	6	1	367
351	5	1	367
351	1	1	367
351	9	1	367
352	2	1	368
352	5	1	368
352	19	1	368
353	8	1	369
354	1	1	370
354	5	1	370
355	5	1	371
355	8	1	371
356	5	1	372
356	8	1	372
356	15	1	372
357	17	1	373
358	4	1	374
358	5	1	374
359	8	1	375
360	1	1	376
360	17	1	376
361	1	1	377
361	15	1	377
361	17	1	377
362	5	1	378
362	15	1	378
363	1	1	379
363	16	1	379
363	17	1	379
364	1	1	380
364	17	1	380
364	15	1	380
364	5	1	380
364	2	1	380
365	8	1	381
366	8	1	382
366	11	1	382
366	15	1	382
366	17	1	382
367	19	1	383
368	1	1	384
368	6	1	384
368	8	1	384
369	8	1	385
370	8	1	386
371	1	1	387
371	5	1	387
372	8	1	388
373	8	1	389
373	15	1	389
373	18	1	389
374	1	1	390
374	5	1	390
374	6	1	390
374	8	1	390
375	6	1	391
375	8	1	391
376	2	1	392
376	3	1	392
377	1	1	393
377	2	1	393
377	9	1	393
378	5	1	394
379	8	1	396
380	11	1	397
381	7	1	398
382	1	1	401
382	17	1	401
383	5	1	402
384	7	1	404
385	1	1	405
385	16	1	405
386	8	1	406
387	11	1	407
387	17	1	407
388	8	1	408
389	8	1	409
390	5	1	410
391	8	1	412
392	5	1	413
393	5	1	414
394	5	1	415
394	17	1	415
395	19	1	416
396	5	1	417
396	15	1	417
397	5	1	419
398	1	1	420
398	5	1	420
398	6	1	420
398	17	1	420
399	2	1	421
399	4	1	421
400	1	1	423
400	17	1	423
401	8	1	424
402	8	1	425
402	15	1	425
403	11	1	426
403	16	1	426
403	17	1	426
404	8	1	427
404	14	1	427
404	15	1	427
404	17	1	427
405	8	1	428
406	5	1	429
407	8	1	430
408	6	1	431
408	8	1	431
409	19	1	432
409	2	1	432
409	5	1	432
410	5	1	433
411	1	1	434
411	2	1	434
411	17	1	434
412	5	1	435
412	16	1	435
413	8	1	436
413	17	1	436
414	5	1	437
415	1	1	438
415	5	1	438
415	8	1	438
416	15	1	440
416	5	1	440
417	5	1	441
418	2	1	442
418	16	1	442
418	1	1	442
419	7	1	443
420	5	1	444
420	15	1	444
421	5	1	445
422	8	1	446
422	15	1	446
423	5	1	447
423	15	1	447
424	8	1	448
425	5	1	449
426	8	1	450
426	5	1	450
427	8	1	451
427	14	1	451
427	15	1	451
428	8	1	452
429	5	1	453
430	8	1	454
430	17	1	454
431	2	1	455
431	4	1	455
431	8	1	455
432	8	1	456
432	17	1	456
432	6	1	456
433	17	1	457
434	8	1	458
434	19	1	458
435	1	1	459
435	2	1	459
435	6	1	459
435	8	1	459
435	15	1	459
435	17	1	459
436	5	1	460
437	8	1	461
437	15	1	461
438	1	1	462
438	2	1	462
439	6	1	463
439	8	1	463
439	17	1	463
440	1	1	464
440	2	1	464
440	6	1	464
440	17	1	464
441	1	1	465
441	8	1	465
441	18	1	465
442	5	1	466
442	18	1	466
442	1	1	466
443	5	1	467
444	5	1	468
444	15	1	468
445	8	1	469
445	15	1	469
446	5	1	470
447	5	1	471
447	8	1	471
447	9	1	471
447	15	1	471
448	5	1	472
448	8	1	472
449	5	1	473
449	18	1	473
450	1	1	474
450	17	1	474
451	8	1	475
452	5	1	476
452	8	1	476
453	8	1	477
453	13	1	477
454	5	1	478
454	6	1	478
454	8	1	478
455	6	1	479
455	17	1	479
455	1	1	479
456	2	1	480
456	16	1	480
456	17	1	480
456	1	1	480
457	8	1	481
457	17	1	481
458	1	1	482
458	6	1	482
459	8	1	483
460	2	1	484
460	4	1	484
461	9	1	485
461	5	1	485
461	2	1	485
461	1	1	485
462	5	1	486
463	5	1	487
463	19	1	487
464	5	1	489
465	17	1	490
466	8	1	491
467	5	1	492
467	14	1	492
468	1	1	493
468	6	1	493
468	8	1	493
469	1	1	494
469	2	1	494
469	17	1	494
470	8	1	495
471	5	1	496
471	8	1	496
471	15	1	496
472	5	1	497
472	15	1	497
473	8	1	498
473	15	1	498
474	5	1	499
474	15	1	499
475	8	1	500
475	5	1	500
476	8	1	501
477	1	1	502
477	4	1	502
478	8	1	503
479	1	1	504
479	16	1	504
480	5	1	505
481	8	1	506
482	6	1	507
482	8	1	507
482	17	1	507
483	8	1	508
484	15	1	509
484	8	1	509
485	8	1	510
486	8	1	511
486	1	1	511
487	11	1	512
487	16	1	512
488	5	1	513
488	14	1	513
488	15	1	513
489	5	1	514
490	8	1	515
490	15	1	515
491	5	1	516
491	8	1	516
492	1	1	517
492	14	1	517
492	8	1	517
493	5	1	518
494	6	1	519
494	16	1	519
494	17	1	519
495	5	1	520
496	6	1	521
496	17	1	521
497	1	1	522
497	8	1	522
498	8	1	523
499	8	1	524
500	8	1	525
501	8	1	526
502	8	1	527
502	18	1	527
503	5	1	528
504	8	1	529
505	8	1	530
506	4	1	531
506	8	1	531
507	5	1	532
507	6	1	532
507	11	1	532
508	9	1	533
508	2	1	533
508	1	1	533
508	14	1	533
509	8	1	534
509	15	1	534
510	8	1	535
511	8	1	536
512	8	1	537
513	8	1	538
514	5	1	539
514	8	1	539
514	15	1	539
515	17	1	540
516	8	1	541
516	17	1	541
516	10	1	541
516	2	1	541
516	16	1	541
517	5	1	542
518	5	1	543
518	15	1	543
518	17	1	543
519	1	1	544
519	6	1	544
520	8	1	545
521	1	1	547
521	2	1	547
521	17	1	547
522	1	1	548
522	17	1	548
522	14	1	548
523	8	1	549
523	13	1	549
524	5	1	550
524	15	1	550
525	3	1	551
525	4	1	551
525	9	1	551
525	13	1	551
526	1	1	552
526	2	1	552
526	5	1	552
527	1	1	553
527	8	1	553
527	19	1	553
528	1	1	555
528	6	1	555
528	15	1	555
529	7	1	556
530	1	1	558
530	2	1	558
530	3	1	558
530	4	1	558
530	9	1	558
531	5	1	559
532	8	1	560
533	8	1	561
533	17	1	561
534	5	1	562
534	8	1	562
535	8	1	563
536	5	1	564
537	1	1	565
537	8	1	565
537	11	1	565
538	5	1	566
538	15	1	566
539	5	1	567
539	8	1	567
540	8	1	568
540	5	1	568
541	5	1	569
541	8	1	569
542	5	1	570
542	8	1	570
543	8	1	571
543	15	1	571
544	8	1	572
545	8	1	573
546	5	1	574
546	8	1	574
547	4	1	575
547	5	1	575
548	4	1	577
548	2	1	577
549	17	1	579
549	6	1	579
550	8	1	580
551	7	1	581
552	5	1	582
552	8	1	582
553	5	1	583
553	8	1	583
554	5	1	585
555	4	1	586
555	5	1	586
556	8	1	587
556	17	1	587
556	9	1	587
556	5	1	587
556	15	1	587
557	2	1	588
557	3	1	588
557	4	1	588
557	5	1	588
557	13	1	588
558	1	1	589
558	16	1	589
559	2	1	590
559	8	1	590
559	19	1	590
560	1	1	591
560	8	1	591
560	17	1	591
561	1	1	592
561	6	1	592
561	16	1	592
561	17	1	592
562	11	1	593
562	17	1	593
562	6	1	593
563	13	1	594
563	4	1	594
563	8	1	594
563	9	1	594
563	3	1	594
564	15	1	595
564	13	1	595
564	9	1	595
564	3	1	595
564	4	1	595
565	3	1	596
565	4	1	596
565	9	1	596
565	13	1	596
566	5	1	597
566	15	1	597
567	5	1	598
567	9	1	598
568	2	1	599
568	19	1	599
569	17	1	600
570	7	1	602
571	5	1	603
572	8	1	605
572	15	1	605
573	9	1	606
573	11	1	606
574	5	1	608
574	6	1	608
574	8	1	608
574	17	1	608
575	2	1	609
575	4	1	609
576	2	1	610
576	3	1	610
576	11	1	610
576	16	1	610
576	1	1	610
577	1	1	611
577	11	1	611
577	16	1	611
578	5	1	612
579	8	1	614
579	17	1	614
580	8	1	615
580	5	1	615
581	3	1	616
581	4	1	616
582	5	1	617
582	8	1	617
583	5	1	618
583	15	1	618
584	8	1	621
585	15	1	623
586	1	1	624
586	8	1	624
586	17	1	624
587	5	1	626
588	17	1	627
588	8	1	627
589	17	1	628
589	6	1	628
589	8	1	628
590	8	1	630
590	15	1	630
591	3	1	631
591	4	1	631
591	13	1	631
592	8	1	632
592	18	1	632
593	5	1	633
594	5	1	634
595	8	1	635
595	5	1	635
596	5	1	637
597	15	1	638
598	5	1	639
598	8	1	639
599	8	1	640
599	17	1	640
600	2	1	641
600	4	1	641
600	5	1	641
601	5	1	643
602	8	1	645
603	8	1	647
603	18	1	647
604	1	1	648
604	17	1	648
604	2	1	648
604	14	1	648
605	5	1	649
605	8	1	649
606	8	1	650
607	5	1	651
608	11	1	652
608	14	1	652
608	17	1	652
609	1	1	653
609	2	1	653
609	9	1	653
610	5	1	655
611	5	1	656
612	13	1	658
612	8	1	658
613	6	1	659
613	8	1	659
613	17	1	659
614	8	1	660
615	3	1	661
615	4	1	661
615	9	1	661
615	13	1	661
616	17	1	662
617	5	1	663
618	5	1	664
619	18	1	665
619	5	1	665
619	8	1	665
620	8	1	666
620	15	1	666
620	18	1	666
621	1	1	667
622	8	1	668
623	8	1	670
624	5	1	671
624	16	1	671
625	3	1	673
625	9	1	673
625	16	1	673
625	2	1	673
625	4	1	673
625	5	1	673
626	2	1	674
626	16	1	674
627	8	1	678
627	17	1	678
628	8	1	679
629	8	1	680
629	14	1	680
629	15	1	680
629	16	1	680
629	17	1	680
630	6	1	681
631	7	1	682
631	8	1	682
632	8	1	685
633	8	1	687
633	15	1	687
634	1	1	688
634	2	1	688
634	5	1	688
634	18	1	688
635	8	1	690
635	15	1	690
636	15	1	691
636	5	1	691
637	17	1	692
637	16	1	692
637	1	1	692
638	1	1	694
638	6	1	694
638	8	1	694
639	14	1	695
639	17	1	695
640	8	1	696
640	17	1	696
641	8	1	697
641	15	1	697
642	8	1	698
643	5	1	700
644	8	1	701
645	8	1	702
646	8	1	703
647	1	1	704
647	2	1	704
648	5	1	705
649	8	1	706
650	6	1	707
650	8	1	707
650	17	1	707
651	5	1	708
651	15	1	708
652	4	1	709
652	5	1	709
652	2	1	709
652	3	1	709
652	13	1	709
653	5	1	710
654	2	1	711
654	4	1	711
655	6	1	712
655	8	1	712
655	15	1	712
655	17	1	712
656	8	1	714
656	14	1	714
656	19	1	714
657	8	1	715
657	15	1	715
658	6	1	716
659	5	1	717
660	5	1	718
660	9	1	718
661	5	1	719
662	7	1	722
663	5	1	724
663	8	1	724
663	9	1	724
663	11	1	724
663	17	1	724
664	5	1	725
665	8	1	726
666	5	1	728
667	8	1	729
668	8	1	730
669	6	1	731
669	17	1	731
670	1	1	733
670	2	1	733
670	17	1	733
671	5	1	734
672	5	1	735
672	11	1	735
673	15	1	736
673	17	1	736
673	1	1	736
673	2	1	736
674	1	1	737
674	16	1	737
675	3	1	741
675	16	1	741
676	17	1	742
676	11	1	742
677	5	1	743
678	8	1	744
679	3	1	745
679	4	1	745
679	5	1	745
680	10	1	746
681	5	1	747
682	17	1	748
682	16	1	748
682	1	1	748
683	5	1	750
683	18	1	750
684	5	1	751
684	11	1	751
685	5	1	753
685	8	1	753
686	2	1	754
686	4	1	754
687	4	1	755
687	8	1	755
688	7	1	756
689	8	1	757
690	7	1	759
691	8	1	760
691	18	1	760
692	1	1	761
692	2	1	761
693	5	1	762
693	6	1	762
694	5	1	763
694	8	1	763
695	8	1	764
695	15	1	764
696	8	1	765
696	5	1	765
697	8	1	766
698	8	1	767
698	5	1	767
699	7	1	769
700	5	1	771
700	8	1	771
701	8	1	774
702	11	1	775
702	14	1	775
703	6	1	778
703	8	1	778
703	5	1	778
704	15	1	779
704	8	1	779
705	18	1	780
705	16	1	780
705	1	1	780
705	2	1	780
706	8	1	781
707	8	1	782
707	17	1	782
708	3	1	783
708	4	1	783
708	13	1	783
709	5	1	784
709	17	1	784
710	5	1	785
711	17	1	786
711	8	1	786
711	1	1	786
712	5	1	788
712	9	1	788
712	15	1	788
712	16	1	788
713	8	1	789
714	7	1	791
715	9	1	792
716	8	1	793
717	8	1	796
718	2	1	798
718	8	1	798
718	1	1	798
718	17	1	798
719	5	1	799
719	11	1	799
719	17	1	799
720	8	1	800
721	4	1	801
721	5	1	801
722	8	1	802
722	15	1	802
723	5	1	803
723	8	1	803
723	15	1	803
724	5	1	804
724	15	1	804
725	8	1	805
725	17	1	805
726	6	1	806
726	8	1	806
727	5	1	807
727	15	1	807
728	2	1	808
728	4	1	808
729	1	1	809
729	2	1	809
730	9	1	810
730	4	1	810
730	5	1	810
731	5	1	813
732	8	1	814
733	1	1	815
733	14	1	815
733	17	1	815
734	5	1	818
735	8	1	820
736	15	1	821
737	8	1	823
738	8	1	824
739	8	1	827
740	2	1	828
740	4	1	828
741	5	1	829
741	13	1	829
741	9	1	829
742	5	1	830
743	8	1	831
744	1	1	832
744	6	1	832
744	8	1	832
744	17	1	832
745	5	1	833
746	5	1	834
747	8	1	835
748	17	1	836
748	1	1	836
748	2	1	836
749	9	1	837
749	4	1	837
749	5	1	837
750	5	1	838
750	8	1	838
750	15	1	838
751	1	1	839
751	17	1	839
752	4	1	840
752	5	1	840
753	11	1	841
754	5	1	842
754	11	1	842
755	8	1	844
756	8	1	846
757	5	1	847
757	8	1	847
758	8	1	848
759	1	1	849
759	2	1	849
759	16	1	849
759	17	1	849
760	6	1	850
760	8	1	850
761	8	1	851
762	15	1	852
762	5	1	852
762	8	1	852
763	8	1	853
764	8	1	858
764	6	1	858
765	5	1	860
766	1	1	861
766	5	1	861
766	6	1	861
766	17	1	861
767	8	1	862
768	5	1	864
768	8	1	864
769	8	1	865
770	6	1	866
770	17	1	866
770	15	1	866
770	8	1	866
771	5	1	867
771	6	1	867
772	5	1	868
773	6	1	869
774	5	1	870
775	8	1	872
776	8	1	875
777	17	1	876
777	1	1	876
777	5	1	876
777	6	1	876
778	8	1	877
779	17	1	879
779	11	1	879
780	16	1	880
780	17	1	880
781	4	1	881
781	5	1	881
782	8	1	882
782	17	1	882
783	8	1	884
784	4	1	885
784	8	1	885
784	9	1	885
785	1	1	886
786	8	1	887
787	2	1	888
787	3	1	888
787	4	1	888
787	8	1	888
787	13	1	888
788	8	1	889
788	15	1	889
789	11	1	891
789	17	1	891
790	5	1	892
790	8	1	892
790	15	1	892
791	8	1	893
792	8	1	896
793	8	1	897
793	15	1	897
793	18	1	897
793	2	1	897
794	5	1	898
794	15	1	898
795	5	1	899
795	13	1	899
795	15	1	899
796	13	1	900
796	15	1	900
797	13	1	901
797	5	1	901
798	15	1	902
798	8	1	902
799	8	1	903
799	14	1	903
799	15	1	903
799	17	1	903
800	14	1	904
800	17	1	904
801	5	1	905
801	15	1	905
802	17	1	906
802	8	1	906
803	15	1	907
803	5	1	907
803	13	1	907
804	2	1	908
804	14	1	908
804	17	1	908
805	5	1	909
805	8	1	909
805	15	1	909
806	5	1	910
806	6	1	910
807	15	1	911
807	17	1	911
807	6	1	911
807	5	1	911
807	14	1	911
808	8	1	912
808	15	1	912
809	10	1	913
809	14	1	913
810	5	1	914
810	8	1	914
810	13	1	914
810	15	1	914
811	5	1	915
811	15	1	915
812	15	1	916
812	5	1	916
813	4	1	917
813	8	1	917
814	13	1	918
815	2	1	919
815	4	1	919
815	9	1	919
815	13	1	919
816	8	1	920
816	15	1	920
816	18	1	920
817	5	1	921
818	8	1	922
818	10	1	922
818	15	1	922
819	8	1	923
819	14	1	923
820	2	1	924
820	16	1	924
821	2	1	925
821	15	1	925
822	8	1	926
823	5	1	927
824	8	1	928
824	14	1	928
824	15	1	928
824	17	1	928
825	10	1	929
825	14	1	929
825	8	1	929
825	17	1	929
826	10	1	930
826	15	1	930
826	17	1	930
827	14	1	931
827	15	1	931
827	17	1	931
828	15	1	932
829	6	1	933
829	14	1	933
829	15	1	933
829	17	1	933
830	5	1	934
831	13	1	935
831	5	1	935
832	5	1	936
832	15	1	936
833	5	1	937
833	15	1	937
834	13	1	938
835	5	1	939
835	8	1	939
836	1	1	940
836	2	1	940
836	15	1	940
837	2	1	941
838	6	1	942
838	10	1	942
838	14	1	942
839	8	1	943
839	9	1	943
839	15	1	943
840	8	1	944
841	5	1	945
841	13	1	945
841	15	1	945
842	5	1	946
842	8	1	946
842	18	1	946
843	5	1	947
844	8	1	948
845	8	1	949
846	5	1	950
846	14	1	950
847	5	1	951
847	15	1	951
848	2	1	952
848	5	1	952
849	8	1	953
849	9	1	953
849	15	1	953
850	8	1	954
851	5	1	955
852	15	1	956
852	8	1	956
853	8	1	957
854	14	1	958
854	5	1	958
855	8	1	959
856	6	1	960
856	8	1	960
857	8	1	961
858	13	1	963
859	15	1	964
859	19	1	964
860	8	1	965
860	14	1	965
860	17	1	965
861	18	1	966
862	19	1	967
863	11	1	968
863	16	1	968
863	17	1	968
864	2	1	969
864	5	1	969
864	15	1	969
864	18	1	969
865	2	1	970
865	5	1	970
865	6	1	970
865	8	1	970
865	15	1	970
866	8	1	971
867	8	1	972
868	8	1	973
868	5	1	973
869	8	1	974
869	15	1	974
870	15	1	976
870	18	1	976
871	1	1	980
872	8	1	981
873	8	1	982
874	5	1	984
874	8	1	984
875	4	1	986
875	2	1	986
876	8	1	987
876	15	1	987
877	5	1	988
877	8	1	988
878	8	1	989
879	1	1	990
879	2	1	990
879	17	1	990
880	8	1	991
881	17	1	992
882	8	1	993
883	8	1	994
883	5	1	994
884	17	1	996
884	8	1	996
884	1	1	996
884	6	1	996
885	8	1	997
885	17	1	997
886	1	1	998
886	6	1	998
887	6	1	999
887	10	1	999
888	6	1	1000
889	5	1	1002
890	17	1	1003
890	8	1	1003
891	17	1	1004
891	1	1	1004
892	4	1	1005
892	5	1	1005
893	8	1	1006
894	4	1	1007
894	5	1	1007
894	19	1	1007
895	2	1	1008
895	19	1	1008
896	2	1	1009
896	4	1	1009
896	9	1	1009
897	4	1	1010
897	5	1	1010
898	4	1	1011
898	5	1	1011
898	2	1	1011
899	4	1	1012
899	8	1	1012
900	4	1	1013
900	5	1	1013
900	15	1	1013
901	4	1	1014
901	5	1	1014
901	8	1	1014
902	8	1	1015
902	4	1	1015
902	2	1	1015
903	5	1	1016
903	4	1	1016
904	2	1	1017
904	4	1	1017
905	4	1	1018
905	5	1	1018
905	14	1	1018
906	2	1	1019
906	4	1	1019
906	9	1	1019
906	16	1	1019
907	5	1	1020
908	4	1	1021
908	5	1	1021
909	4	1	1022
909	9	1	1022
909	13	1	1022
909	15	1	1022
909	3	1	1022
910	3	1	1023
910	4	1	1023
910	13	1	1023
911	3	1	1024
911	4	1	1024
911	13	1	1024
912	3	1	1025
912	13	1	1025
912	9	1	1025
912	4	1	1025
913	4	1	1026
913	8	1	1026
914	2	1	1027
914	8	1	1027
915	4	1	1028
915	5	1	1028
915	9	1	1028
915	13	1	1028
916	8	1	1029
916	13	1	1029
916	4	1	1029
916	3	1	1029
917	3	1	1030
917	4	1	1030
917	13	1	1030
917	2	1	1030
918	2	1	1031
918	4	1	1031
918	13	1	1031
919	2	1	1032
919	3	1	1032
919	4	1	1032
919	13	1	1032
920	4	1	1033
920	8	1	1033
920	3	1	1033
921	6	1	1034
921	8	1	1034
921	17	1	1034
921	5	1	1034
922	13	1	1035
922	15	1	1035
923	1	1	1036
923	6	1	1036
923	17	1	1036
924	16	1	1037
924	17	1	1037
924	11	1	1037
924	1	1	1037
925	8	1	1038
926	7	1	1039
927	8	1	1040
928	8	1	1041
929	5	1	1042
929	8	1	1042
930	8	1	1043
930	15	1	1043
931	8	1	1044
932	8	1	1046
932	15	1	1046
933	8	1	1047
933	17	1	1047
933	1	1	1047
934	2	1	1049
934	1	1	1049
935	7	1	1050
935	8	1	1050
936	8	1	1051
937	6	1	1053
937	8	1	1053
937	15	1	1053
938	8	1	1054
939	17	1	1055
940	8	1	1056
941	13	1	1057
941	15	1	1057
941	5	1	1057
942	8	1	1058
943	8	1	1059
943	15	1	1059
944	5	1	1060
944	8	1	1060
945	17	1	1061
946	8	1	1062
947	8	1	1063
948	3	1	1064
948	4	1	1064
948	5	1	1064
949	13	1	1066
949	15	1	1066
949	5	1	1066
950	13	1	1067
950	15	1	1067
950	5	1	1067
951	6	1	1068
951	10	1	1068
952	10	1	1069
952	17	1	1069
953	2	1	1070
954	15	1	1071
954	18	1	1071
955	9	1	1073
955	13	1	1073
955	5	1	1073
955	4	1	1073
956	11	1	1076
956	17	1	1076
956	8	1	1076
957	5	1	1077
957	16	1	1077
958	5	1	1078
958	18	1	1078
959	5	1	1079
959	6	1	1079
960	2	1	1080
960	5	1	1080
961	13	1	1081
961	15	1	1081
961	5	1	1081
962	8	1	1082
963	5	1	1083
963	13	1	1083
964	6	1	1084
964	8	1	1084
965	2	1	1085
965	8	1	1085
966	14	1	1086
966	17	1	1086
967	13	1	1087
968	15	1	1088
968	8	1	1088
968	13	1	1088
969	17	1	1089
969	6	1	1089
969	8	1	1089
970	8	1	1090
970	18	1	1090
971	5	1	1091
972	14	1	1092
972	17	1	1092
973	8	1	1093
973	13	1	1093
974	8	1	1094
974	15	1	1094
974	18	1	1094
975	8	1	1095
976	8	1	1096
977	4	1	1097
977	8	1	1097
977	16	1	1097
978	5	1	1098
979	8	1	1099
980	1	1	1100
980	8	1	1100
980	15	1	1100
981	1	1	1101
981	15	1	1101
982	1	1	1102
983	8	1	1103
984	8	1	1104
985	11	1	1105
986	5	1	1107
987	7	1	1111
988	1	1	1112
988	5	1	1112
988	8	1	1112
989	5	1	1113
990	6	1	1114
990	8	1	1114
991	5	1	1115
991	8	1	1115
992	8	1	1116
993	8	1	1117
994	8	1	1119
995	5	1	1120
995	8	1	1120
996	8	1	1121
997	7	1	1123
998	8	1	1124
999	5	1	1125
999	6	1	1125
1000	5	1	1126
1000	9	1	1126
1001	17	1	1127
1001	1	1	1127
1001	2	1	1127
1001	16	1	1127
1002	11	1	1128
1003	2	1	1129
1003	16	1	1129
1003	17	1	1129
1003	1	1	1129
1004	11	1	1130
1004	14	1	1130
1005	8	1	1131
1006	8	1	1132
1007	5	1	1133
1007	8	1	1133
1008	5	1	1135
1009	5	1	1136
1010	8	1	1138
1011	8	1	1139
1012	8	1	1142
1013	7	1	1144
1014	7	1	1147
1015	3	1	1148
1015	4	1	1148
1015	5	1	1148
1015	6	1	1148
1016	7	1	1149
1016	8	1	1149
1017	8	1	1150
1018	17	1	1151
1018	3	1	1151
1018	5	1	1151
1019	17	1	1152
1019	6	1	1152
1019	10	1	1152
1020	10	1	1153
1021	10	1	1154
1022	8	1	1161
1022	18	1	1161
1023	5	1	1162
1023	8	1	1162
1024	8	1	1163
1025	8	1	1164
1026	5	1	1167
1027	2	1	1168
1027	11	1	1168
1027	1	1	1168
1028	7	1	1169
1029	1	1	1170
1030	5	1	1171
1031	5	1	1172
1031	8	1	1172
1031	15	1	1172
1032	8	1	1173
1033	5	1	1174
1034	5	1	1175
1034	8	1	1175
1034	15	1	1175
1035	9	1	1176
1035	15	1	1176
1035	8	1	1176
1036	15	1	1177
1036	8	1	1177
1037	8	1	1178
1037	18	1	1178
1038	6	1	1179
1038	8	1	1179
1038	10	1	1179
1039	5	1	1180
1040	8	1	1183
1040	15	1	1183
1040	18	1	1183
1041	8	1	1184
1041	18	1	1184
1041	5	1	1184
1042	8	1	1185
1043	8	1	1186
1044	8	1	1187
1045	5	1	1188
1045	15	1	1188
1046	7	1	1189
1047	6	1	1190
1047	8	1	1190
1047	15	1	1190
1048	7	1	1191
1048	13	1	1191
1049	7	1	1192
1050	5	1	1193
1050	8	1	1193
1051	5	1	1194
1052	1	1	1196
1052	2	1	1196
1052	16	1	1196
1053	1	1	1197
1053	2	1	1197
1053	5	1	1197
1053	9	1	1197
1053	15	1	1197
1054	1	1	1198
1054	2	1	1198
1055	5	1	1199
1055	16	1	1199
1055	15	1	1199
1055	9	1	1199
1056	1	1	1200
1056	11	1	1200
1056	16	1	1200
1056	17	1	1200
1057	1	1	1201
1057	2	1	1201
1057	19	1	1201
1058	5	1	1202
1059	8	1	1203
1060	8	1	1204
1060	18	1	1204
1060	2	1	1204
1061	8	1	1206
1061	16	1	1206
1061	17	1	1206
1061	6	1	1206
1062	8	1	1207
1063	1	1	1208
1063	8	1	1208
1063	18	1	1208
1064	1	1	1209
1064	8	1	1209
1064	19	1	1209
1065	2	1	1210
1065	16	1	1210
1065	1	1	1210
1066	5	1	1211
1066	8	1	1211
1066	9	1	1211
1066	15	1	1211
1067	17	1	1212
1067	10	1	1212
1067	14	1	1212
1068	6	1	1213
1068	8	1	1213
1069	17	1	1214
1069	1	1	1214
1069	11	1	1214
1069	16	1	1214
1070	11	1	1215
1070	9	1	1215
1070	5	1	1215
1070	1	1	1215
1070	2	1	1215
1071	2	1	1216
1071	8	1	1216
1071	15	1	1216
1072	8	1	1217
1072	18	1	1217
1073	17	1	1218
1073	1	1	1218
1073	6	1	1218
1073	8	1	1218
1074	17	1	1219
1074	11	1	1219
1075	1	1	1220
1075	2	1	1220
1075	5	1	1220
1075	13	1	1220
1076	6	1	1221
1076	8	1	1221
1077	8	1	1222
1077	18	1	1222
1078	5	1	1223
1078	16	1	1223
1078	3	1	1223
1078	2	1	1223
1078	4	1	1223
1079	18	1	1224
1079	8	1	1224
1080	8	1	1225
1081	15	1	1226
1081	5	1	1226
1082	17	1	1227
1082	6	1	1227
1082	8	1	1227
1083	8	1	1228
1084	5	1	1230
1084	15	1	1230
1085	8	1	1231
1086	8	1	1232
1086	16	1	1232
1086	14	1	1232
1087	1	1	1233
1087	8	1	1233
1087	18	1	1233
1088	5	1	1234
1088	6	1	1234
1089	5	1	1235
1089	8	1	1235
1089	15	1	1235
1090	5	1	1236
1090	8	1	1236
1090	15	1	1236
1091	8	1	1237
1091	9	1	1237
1092	5	1	1238
1093	1	1	1240
1093	16	1	1240
1093	17	1	1240
1094	5	1	1241
1094	9	1	1241
1094	11	1	1241
1095	1	1	1242
1095	8	1	1242
1095	18	1	1242
1096	5	1	1243
1096	8	1	1243
1097	15	1	1244
1097	5	1	1244
1097	8	1	1244
1098	6	1	1245
1098	8	1	1245
1098	10	1	1245
1098	17	1	1245
1099	8	1	1246
1100	5	1	1247
1100	8	1	1247
1100	15	1	1247
1101	17	1	1248
1101	6	1	1248
1101	10	1	1248
1102	18	1	1250
1102	2	1	1250
1102	8	1	1250
1103	8	1	1251
1103	9	1	1251
1104	6	1	1252
1104	10	1	1252
1104	14	1	1252
1104	17	1	1252
1105	8	1	1253
1105	16	1	1253
1105	17	1	1253
1106	8	1	1254
1106	2	1	1254
1106	1	1	1254
1106	19	1	1254
1107	5	1	1255
1107	11	1	1255
1107	16	1	1255
1108	5	1	1256
1108	13	1	1256
1109	5	1	1257
1109	15	1	1257
1110	11	1	1258
1110	17	1	1258
1111	8	1	1259
1111	2	1	1259
1111	5	1	1259
1112	17	1	1260
1112	6	1	1260
1112	10	1	1260
1113	1	1	1261
1113	5	1	1261
1113	9	1	1261
1113	11	1	1261
1114	1	1	1262
1114	2	1	1262
1114	8	1	1262
1114	18	1	1262
1115	18	1	1263
1115	8	1	1263
1116	17	1	1264
1116	15	1	1264
1116	1	1	1264
1116	14	1	1264
1116	8	1	1264
1117	5	1	1265
1117	9	1	1265
1117	15	1	1265
1118	8	1	1266
1118	19	1	1266
1119	6	1	1267
1119	17	1	1267
1119	18	1	1267
1120	8	1	1268
1120	5	1	1268
1121	17	1	1269
1121	5	1	1269
1121	14	1	1269
1122	2	1	1270
1122	5	1	1270
1122	16	1	1270
1123	8	1	1271
1124	8	1	1272
1124	18	1	1272
1125	5	1	1273
1125	8	1	1273
1126	3	1	1274
1126	16	1	1274
1126	2	1	1274
1126	1	1	1274
1127	2	1	1275
1127	9	1	1275
1127	1	1	1275
1128	8	1	1276
1129	1	1	1277
1129	8	1	1277
1129	15	1	1277
1130	1	1	1278
1130	5	1	1278
1130	11	1	1278
1131	8	1	1279
1131	5	1	1279
1132	8	1	1280
1133	8	1	1281
1133	18	1	1281
1133	5	1	1281
1134	3	1	1282
1134	4	1	1282
1134	9	1	1282
1134	13	1	1282
1135	19	1	1283
1136	6	1	1284
1136	10	1	1284
1136	14	1	1284
1137	5	1	1285
1138	8	1	1286
1138	15	1	1286
1139	1	1	1287
1139	2	1	1287
1139	8	1	1287
1139	15	1	1287
1140	5	1	1288
1140	13	1	1288
1141	7	1	1289
1142	8	1	1290
1142	15	1	1290
1143	1	1	1291
1143	2	1	1291
1144	8	1	1292
1144	5	1	1292
1145	8	1	1293
1146	8	1	1295
1147	5	1	1296
1147	8	1	1296
1147	15	1	1296
1148	5	1	1297
1149	8	1	1298
1149	13	1	1298
1149	18	1	1298
1150	8	1	1299
1150	18	1	1299
1151	5	1	1300
1151	8	1	1300
1152	8	1	1301
1152	16	1	1301
1153	8	1	1302
1154	2	1	1303
1154	8	1	1303
1155	1	1	1304
1155	5	1	1304
1155	19	1	1304
1156	8	1	1305
1156	15	1	1305
1157	2	1	1306
1157	8	1	1306
1157	16	1	1306
1158	15	1	1307
1158	5	1	1307
1159	7	1	1310
1160	5	1	1311
1161	8	1	1312
1162	6	1	1313
1163	5	1	1317
1164	1	1	1320
1164	11	1	1320
1164	16	1	1320
1164	17	1	1320
1165	5	1	1321
1165	11	1	1321
1165	17	1	1321
1166	11	1	1322
1167	11	1	1323
1168	11	1	1324
1169	11	1	1325
1170	11	1	1326
1171	11	1	1327
1172	11	1	1328
1173	11	1	1329
1174	11	1	1330
1175	11	1	1331
1176	11	1	1332
1176	17	1	1332
1177	11	1	1333
1178	11	1	1334
1178	16	1	1334
1179	1	1	1335
1179	11	1	1335
1180	17	1	1336
1180	11	1	1336
1181	8	1	1337
1181	11	1	1337
1181	17	1	1337
1182	9	1	1339
1182	11	1	1339
1182	15	1	1339
1182	17	1	1339
1183	8	1	1340
1183	11	1	1340
1183	16	1	1340
1184	11	1	1341
1185	17	1	1342
1185	11	1	1342
1186	17	1	1343
1187	17	1	1344
1188	8	1	1345
1188	9	1	1345
1188	11	1	1345
1188	17	1	1345
1189	11	1	1346
1190	11	1	1347
1190	17	1	1347
1191	11	1	1348
1192	11	1	1349
1193	8	1	1350
1193	11	1	1350
1194	8	1	1351
1194	17	1	1351
1194	6	1	1351
1195	6	1	1352
1195	17	1	1352
1196	5	1	1353
1196	8	1	1353
1196	15	1	1353
1197	8	1	1354
1197	14	1	1354
1198	11	1	1355
1198	17	1	1355
1199	16	1	1356
1199	17	1	1356
1199	1	1	1356
1199	2	1	1356
1200	8	1	1357
1200	15	1	1357
1201	8	1	1358
1201	17	1	1358
1202	2	1	1359
1202	4	1	1359
1202	5	1	1359
1203	7	1	1361
1204	8	1	1363
1205	8	1	1364
1206	8	1	1365
1207	8	1	1366
1208	4	1	1367
1208	5	1	1367
1208	2	1	1367
1209	8	1	1369
1209	17	1	1369
1210	1	1	1370
1210	2	1	1370
1210	17	1	1370
1211	2	1	1371
1211	16	1	1371
1212	16	1	1372
1212	14	1	1372
1212	1	1	1372
1213	16	1	1373
1213	1	1	1373
1214	1	1	1374
1214	2	1	1374
1214	16	1	1374
1214	17	1	1374
1215	1	1	1375
1215	2	1	1375
1215	16	1	1375
1216	2	1	1376
1216	5	1	1376
1216	16	1	1376
1217	1	1	1377
1217	17	1	1377
1217	15	1	1377
1217	14	1	1377
1217	6	1	1377
1217	9	1	1377
1218	1	1	1378
1218	5	1	1378
1218	19	1	1378
1219	1	1	1379
1219	19	1	1379
1220	5	1	1380
1220	13	1	1380
1220	15	1	1380
1221	5	1	1381
1221	15	1	1381
1221	13	1	1381
1222	1	1	1382
1222	8	1	1382
1223	1	1	1383
1223	16	1	1383
1224	8	1	1384
1225	1	1	1385
1225	8	1	1385
1225	17	1	1385
1226	19	1	1386
1227	1	1	1387
1227	11	1	1387
1228	1	1	1388
1228	11	1	1388
1228	17	1	1388
1229	1	1	1389
1229	11	1	1389
1230	5	1	1390
1231	1	1	1391
1231	5	1	1391
1231	16	1	1391
1232	5	1	1392
1232	8	1	1392
1233	8	1	1393
1233	15	1	1393
1234	5	1	1394
1235	5	1	1395
1235	8	1	1395
1236	6	1	1396
1236	8	1	1396
1236	16	1	1396
1236	1	1	1396
1237	8	1	1397
1238	15	1	1398
1238	18	1	1398
1239	8	1	1399
1240	8	1	1401
1241	6	1	1404
1241	8	1	1404
1242	3	1	1405
1242	5	1	1405
1242	2	1	1405
1242	6	1	1405
1243	8	1	1406
1244	5	1	1407
1244	11	1	1407
1244	17	1	1407
1245	1	1	1408
1245	15	1	1408
1245	18	1	1408
1245	19	1	1408
1246	15	1	1409
1246	5	1	1409
1246	8	1	1409
1246	9	1	1409
1247	8	1	1410
1247	5	1	1410
1248	6	1	1411
1248	8	1	1411
1248	15	1	1411
1249	8	1	1412
1250	8	1	1413
1251	5	1	1414
1252	6	1	1415
1252	8	1	1415
1252	15	1	1415
1253	8	1	1416
1253	13	1	1416
1254	8	1	1417
1255	8	1	1419
1256	7	1	1420
1257	7	1	1421
1258	6	1	1422
1258	8	1	1422
1258	14	1	1422
1258	17	1	1422
1259	8	1	1423
1260	5	1	1425
1261	4	1	1426
1262	1	1	1427
1262	17	1	1427
1263	8	1	1428
1264	17	1	1429
1264	5	1	1429
1264	2	1	1429
1264	1	1	1429
1265	5	1	1430
1265	17	1	1430
1266	1	1	1431
1266	5	1	1431
1267	1	1	1432
1267	5	1	1432
1267	6	1	1432
1267	8	1	1432
1267	17	1	1432
1268	11	1	1433
1268	5	1	1433
1269	1	1	1434
1270	8	1	1437
1271	1	1	1438
1271	17	1	1438
1272	5	1	1439
1273	5	1	1440
1274	5	1	1441
1274	15	1	1441
1275	8	1	1442
1276	5	1	1444
1277	5	1	1445
1277	18	1	1445
1278	8	1	1446
1278	5	1	1446
1279	6	1	1447
1280	5	1	1449
1281	18	1	1450
1282	5	1	1453
1282	15	1	1453
1283	5	1	1454
1283	8	1	1454
1284	5	1	1455
1284	15	1	1455
1285	5	1	1456
1286	15	1	1457
1286	5	1	1457
1286	8	1	1457
1287	15	1	1458
1287	8	1	1458
1287	9	1	1458
1288	14	1	1459
1288	17	1	1459
1289	4	1	1460
1289	5	1	1460
1289	14	1	1460
1290	5	1	1461
1291	5	1	1463
1291	15	1	1463
1292	8	1	1464
1292	14	1	1464
1292	15	1	1464
1292	6	1	1464
1292	10	1	1464
1292	9	1	1464
1293	8	1	1465
1294	6	1	1466
1294	8	1	1466
1295	5	1	1468
1295	15	1	1468
1296	8	1	1471
1297	6	1	1472
1297	17	1	1472
1298	5	1	1473
1298	6	1	1473
1298	1	1	1473
1298	8	1	1473
1299	4	1	1474
1299	5	1	1474
1300	15	1	1475
1301	5	1	1476
1301	8	1	1476
1302	15	1	1477
1303	1	1	1479
1303	15	1	1479
1303	17	1	1479
1304	8	1	1480
1304	17	1	1480
1305	5	1	1482
1305	8	1	1482
1306	17	1	1483
1306	8	1	1483
1307	5	1	1484
1307	8	1	1484
1307	14	1	1484
1307	15	1	1484
1308	5	1	1485
1309	8	1	1486
1310	8	1	1487
1310	13	1	1487
1311	17	1	1488
1311	1	1	1488
1311	8	1	1488
1312	13	1	1489
1312	3	1	1489
1312	4	1	1489
1313	5	1	1490
1314	15	1	1493
1315	1	1	1495
1315	2	1	1495
1315	4	1	1495
1316	8	1	1496
1316	15	1	1496
1317	1	1	1497
1318	8	1	1498
1318	15	1	1498
1319	1	1	1499
1319	17	1	1499
1319	2	1	1499
1320	5	1	1500
1320	6	1	1500
1320	15	1	1500
1320	17	1	1500
1321	6	1	1501
1322	8	1	1502
1322	15	1	1502
1323	5	1	1503
1324	8	1	1504
1325	18	1	1507
1325	8	1	1507
1326	8	1	1508
1327	8	1	1509
1328	8	1	1510
1329	5	1	1511
1329	15	1	1511
1330	5	1	1513
1331	15	1	1514
1332	1	1	1515
1332	8	1	1515
1332	17	1	1515
1333	5	1	1516
1334	5	1	1517
1334	1	1	1517
1334	2	1	1517
1335	17	1	1518
1335	1	1	1518
1336	8	1	1519
1337	15	1	1520
1338	8	1	1522
1339	1	1	1523
1339	6	1	1523
1339	15	1	1523
1340	1	1	1525
1340	2	1	1525
1340	4	1	1525
1340	9	1	1525
1341	5	1	1526
1342	1	1	1527
1342	2	1	1527
1342	16	1	1527
1343	5	1	1528
1344	5	1	1529
1344	8	1	1529
1345	8	1	1531
1346	5	1	1532
1347	8	1	1533
1348	8	1	1534
1349	8	1	1535
1349	15	1	1535
1350	5	1	1537
1351	4	1	1538
1351	2	1	1538
1352	6	1	1539
1352	5	1	1539
1353	5	1	1541
1353	15	1	1541
1354	5	1	1542
1354	8	1	1542
1354	15	1	1542
1355	8	1	1543
1356	17	1	1544
1356	1	1	1544
1356	2	1	1544
1356	11	1	1544
1356	16	1	1544
1357	8	1	1545
1358	5	1	1546
1359	4	1	1547
1359	8	1	1547
1360	8	1	1548
1361	8	1	1549
1361	15	1	1549
1362	5	1	1550
1362	15	1	1550
1363	2	1	1551
1363	4	1	1551
1363	8	1	1551
1364	17	1	1552
1364	2	1	1552
1364	1	1	1552
1365	15	1	1554
1365	8	1	1554
1366	8	1	1555
1367	1	1	1556
1367	15	1	1556
1367	17	1	1556
1368	5	1	1558
1369	5	1	1561
1370	1	1	1562
1370	2	1	1562
1370	9	1	1562
1370	17	1	1562
1371	8	1	1563
1372	15	1	1564
1372	5	1	1564
1372	8	1	1564
1373	5	1	1565
1373	17	1	1565
1374	2	1	1566
1374	3	1	1566
1374	4	1	1566
1374	5	1	1566
1374	13	1	1566
1375	8	1	1567
1376	5	1	1569
1376	15	1	1569
1377	16	1	1570
1378	15	1	1571
1378	5	1	1571
1379	8	1	1572
1380	1	1	1573
1380	6	1	1573
1380	8	1	1573
1380	17	1	1573
1381	15	1	1574
1382	8	1	1575
1383	1	1	1580
1383	5	1	1580
1383	16	1	1580
1384	5	1	1581
1385	2	1	1582
1385	4	1	1582
1386	9	1	1583
1386	4	1	1583
1387	8	1	1584
1387	16	1	1584
1388	5	1	1585
1389	1	1	1586
1389	8	1	1586
1390	1	1	1587
1390	2	1	1587
1391	4	1	1588
1391	5	1	1588
1392	6	1	1589
1392	8	1	1589
1392	17	1	1589
1392	1	1	1589
1393	11	1	1590
1393	16	1	1590
1393	17	1	1590
1394	1	1	1591
1394	2	1	1591
1394	16	1	1591
1394	17	1	1591
1395	4	1	1592
1395	5	1	1592
1396	5	1	1593
1396	15	1	1593
1397	5	1	1594
1397	8	1	1594
1398	4	1	1595
1398	8	1	1595
1398	2	1	1595
1399	8	1	1596
1400	8	1	1597
1400	14	1	1597
1400	15	1	1597
1400	17	1	1597
1401	6	1	1598
1401	8	1	1598
1401	17	1	1598
1402	1	1	1599
1403	8	1	1600
1403	15	1	1600
1404	6	1	1601
1404	8	1	1601
1404	10	1	1601
1405	5	1	1602
1406	11	1	1603
1406	16	1	1603
1406	17	1	1603
1407	1	1	1604
1407	5	1	1604
1408	2	1	1605
1408	15	1	1605
1409	2	1	1606
1409	1	1	1606
1410	1	1	1608
1410	17	1	1608
1411	8	1	1609
1411	17	1	1609
1412	1	1	1610
1412	2	1	1610
1412	17	1	1610
1413	8	1	1611
1414	5	1	1612
1415	8	1	1613
1416	5	1	1614
1417	8	1	1615
1417	2	1	1615
1418	18	1	1616
1418	17	1	1616
1418	1	1	1616
1419	6	1	1617
1419	10	1	1617
1419	14	1	1617
1419	17	1	1617
1420	8	1	1619
1420	18	1	1619
1421	6	1	1620
1421	8	1	1620
1421	14	1	1620
1421	17	1	1620
1422	8	1	1621
1423	5	1	1622
1423	8	1	1622
1424	11	1	1623
1425	8	1	1624
1426	2	1	1625
1426	14	1	1625
1426	17	1	1625
1427	1	1	1626
1427	8	1	1626
1427	17	1	1626
1428	6	1	1627
1428	8	1	1627
1428	14	1	1627
1429	5	1	1629
1429	15	1	1629
1430	1	1	1631
1430	17	1	1631
1431	5	1	1632
1431	15	1	1632
1432	8	1	1633
1433	8	1	1635
1434	1	1	1636
1434	17	1	1636
1435	5	1	1639
1435	8	1	1639
1435	15	1	1639
1436	5	1	1640
1437	5	1	1641
1437	8	1	1641
1438	5	1	1642
1438	8	1	1642
1439	8	1	1643
1439	15	1	1643
1440	11	1	1644
1440	14	1	1644
1440	17	1	1644
1441	8	1	1645
1441	11	1	1645
1441	17	1	1645
1442	5	1	1646
1442	15	1	1646
1442	4	1	1646
1442	16	1	1646
1443	6	1	1647
1443	8	1	1647
1443	17	1	1647
1444	5	1	1648
1444	8	1	1648
1445	7	1	1649
1446	8	1	1650
1447	8	1	1651
1448	7	1	1652
1449	17	1	1653
1449	8	1	1653
1449	16	1	1653
1450	9	1	1654
1450	4	1	1654
1450	8	1	1654
1451	8	1	1655
1451	11	1	1655
1451	17	1	1655
1452	8	1	1656
1452	15	1	1656
1453	7	1	1657
1454	15	1	1658
1454	17	1	1658
1455	8	1	1659
1456	8	1	1660
1457	6	1	1661
1457	17	1	1661
1457	14	1	1661
1458	6	1	1662
1459	5	1	1663
1459	18	1	1663
1460	5	1	1665
1461	15	1	1666
1462	1	1	1667
1462	8	1	1667
1463	8	1	1668
1464	15	1	1669
1465	18	1	1670
1465	8	1	1670
1466	17	1	1671
1466	6	1	1671
1466	8	1	1671
1467	8	1	1672
1468	8	1	1673
1469	8	1	1674
1469	15	1	1674
1469	17	1	1674
1470	6	1	1675
1470	17	1	1675
1471	1	1	1676
1471	16	1	1676
1471	18	1	1676
1472	5	1	1677
1473	8	1	1678
1474	5	1	1679
1475	8	1	1680
1475	15	1	1680
1476	1	1	1681
1476	2	1	1681
1476	9	1	1681
1477	8	1	1682
1477	9	1	1682
1478	8	1	1683
1478	15	1	1683
1478	17	1	1683
1479	15	1	1684
1479	8	1	1684
1480	8	1	1685
1480	15	1	1685
1481	6	1	1686
1481	17	1	1686
1482	1	1	1687
1482	17	1	1687
1483	3	1	1688
1483	4	1	1688
1483	13	1	1688
1484	5	1	1689
1484	6	1	1689
1484	17	1	1689
1485	11	1	1690
1485	16	1	1690
1485	1	1	1690
1486	11	1	1692
1486	16	1	1692
1487	8	1	1693
1488	8	1	1694
1489	8	1	1695
1490	8	1	1696
1490	18	1	1696
1491	5	1	1699
1491	8	1	1699
1492	5	1	1701
1492	8	1	1701
1493	5	1	1702
1493	9	1	1702
1493	4	1	1702
1494	5	1	1703
1495	8	1	1704
1495	15	1	1704
1496	4	1	1707
1496	5	1	1707
1497	17	1	1709
1498	5	1	1711
1498	6	1	1711
1498	8	1	1711
1498	14	1	1711
1499	4	1	1713
1499	5	1	1713
1500	15	1	1714
1501	17	1	1715
1502	5	1	1717
1502	11	1	1717
1502	17	1	1717
1503	8	1	1719
1504	1	1	1720
1504	2	1	1720
1504	16	1	1720
1505	8	1	1721
1505	15	1	1721
1506	1	1	1722
1506	15	1	1722
1506	17	1	1722
1507	8	1	1725
1508	8	1	1726
1509	15	1	1727
1509	8	1	1727
1510	8	1	1728
1511	6	1	1729
1511	8	1	1729
1511	17	1	1729
1512	8	1	1730
1513	5	1	1731
1514	5	1	1732
1514	6	1	1732
1514	14	1	1732
1514	17	1	1732
1515	8	1	1733
1515	15	1	1733
1516	5	1	1734
1516	8	1	1734
1517	8	1	1735
1517	15	1	1735
1518	1	1	1739
1518	4	1	1739
1518	5	1	1739
1519	7	1	1743
1520	1	1	1744
1520	2	1	1744
1520	17	1	1744
1521	5	1	1746
1522	5	1	1747
1523	9	1	1748
1523	10	1	1748
1523	16	1	1748
1523	17	1	1748
1523	2	1	1748
1524	15	1	1749
1525	2	1	1750
1525	4	1	1750
1525	9	1	1750
1525	16	1	1750
1526	5	1	1753
1527	17	1	1754
1527	14	1	1754
1527	1	1	1754
1528	15	1	1755
1528	5	1	1755
1529	11	1	1756
1530	8	1	1759
1531	5	1	1760
1531	13	1	1760
1532	1	1	1762
1532	11	1	1762
1532	16	1	1762
1533	8	1	1767
1533	15	1	1767
1534	6	1	1769
1534	17	1	1769
1534	1	1	1769
1535	15	1	1770
1535	17	1	1770
1535	6	1	1770
1536	11	1	1771
1537	1	1	1772
1537	5	1	1772
1537	13	1	1772
1538	1	1	1773
1538	8	1	1773
1539	5	1	1777
1539	15	1	1777
1540	17	1	1779
1540	16	1	1779
1541	7	1	1780
1542	5	1	1782
1542	15	1	1782
1543	6	1	1783
1543	8	1	1783
1543	14	1	1783
1543	15	1	1783
1543	17	1	1783
1544	5	1	1784
1544	8	1	1784
1544	15	1	1784
1545	6	1	1785
1545	8	1	1785
1545	1	1	1785
1546	8	1	1788
1546	1	1	1788
1547	6	1	1791
1547	8	1	1791
1547	17	1	1791
1548	1	1	1792
1548	6	1	1792
1548	17	1	1792
1549	5	1	1793
1550	5	1	1794
1550	8	1	1794
1551	8	1	1795
1552	1	1	1796
1552	8	1	1796
1553	12	1	1797
1553	7	1	1797
1554	17	1	1798
1555	14	1	1799
1555	17	1	1799
1555	8	1	1799
1555	6	1	1799
1555	5	1	1799
1556	2	1	1801
1556	8	1	1801
1556	1	1	1801
1557	8	1	1804
1557	6	1	1804
1558	17	1	1805
1558	14	1	1805
1558	6	1	1805
1558	8	1	1805
1559	2	1	1806
1559	4	1	1806
1559	5	1	1806
1560	8	1	1807
1561	6	1	1809
1561	8	1	1809
1562	5	1	1810
1562	8	1	1810
1563	8	1	1811
1564	4	1	1812
1564	8	1	1812
1564	5	1	1812
1565	8	1	1814
1566	8	1	1815
1567	5	1	1816
1567	8	1	1816
1568	8	1	1817
1568	15	1	1817
1569	8	1	1820
1569	15	1	1820
1570	5	1	1821
1570	15	1	1821
1571	4	1	1822
1571	5	1	1822
1572	17	1	1824
1572	5	1	1824
1573	5	1	1825
1573	8	1	1825
1574	2	1	1826
1574	4	1	1826
1575	5	1	1827
1575	7	1	1827
1576	8	1	1829
1576	15	1	1829
1577	16	1	1831
1577	1	1	1831
1577	2	1	1831
1578	8	1	1832
1578	1	1	1832
1579	1	1	1833
1579	8	1	1833
1579	17	1	1833
1580	6	1	1834
1580	8	1	1834
1580	14	1	1834
1580	17	1	1834
1581	8	1	1835
1581	9	1	1835
1581	15	1	1835
1582	8	1	1836
1582	5	1	1836
1583	5	1	1837
1584	5	1	1839
1585	8	1	1840
1586	8	1	1841
1586	17	1	1841
1587	6	1	1842
1587	8	1	1842
1588	4	1	1843
1588	5	1	1843
1589	8	1	1844
1589	15	1	1844
1590	17	1	1845
1590	5	1	1845
1590	14	1	1845
1591	8	1	1846
1592	2	1	1848
1592	4	1	1848
1592	5	1	1848
1592	9	1	1848
1593	2	1	1849
1594	8	1	1850
1594	15	1	1850
1595	8	1	1851
1595	15	1	1851
1596	5	1	1853
1597	5	1	1854
1597	15	1	1854
1598	5	1	1855
1599	7	1	1856
1600	5	1	1857
1601	1	1	1858
1601	5	1	1858
1602	8	1	1859
1603	8	1	1860
1604	5	1	1861
1604	17	1	1861
1605	11	1	1862
1605	16	1	1862
1606	5	1	1863
1607	5	1	1864
1608	7	1	1865
1609	1	1	1866
1609	6	1	1866
1609	5	1	1866
1610	1	1	1867
1610	2	1	1867
1611	1	1	1869
1611	17	1	1869
1612	5	1	1870
1612	8	1	1870
1613	5	1	1871
1613	8	1	1871
1614	8	1	1872
1615	15	1	1873
1615	6	1	1873
1615	8	1	1873
1616	5	1	1874
1616	15	1	1874
1617	5	1	1875
1618	8	1	1876
1618	16	1	1876
1618	17	1	1876
1619	8	1	1877
1620	5	1	1878
1620	15	1	1878
1621	8	1	1879
1621	15	1	1879
1622	8	1	1880
1623	3	1	1881
1623	4	1	1881
1623	9	1	1881
1623	2	1	1881
1624	1	1	1882
1624	16	1	1882
1624	17	1	1882
1625	5	1	1883
1625	8	1	1883
1625	15	1	1883
1626	9	1	1884
1626	2	1	1884
1626	5	1	1884
1626	6	1	1884
1626	8	1	1884
1627	5	1	1885
1627	8	1	1885
1628	5	1	1886
1629	2	1	1887
1629	5	1	1887
1630	5	1	1888
1630	8	1	1888
1630	15	1	1888
1631	6	1	1889
1631	14	1	1889
1631	17	1	1889
1632	8	1	1890
1633	17	1	1891
1633	11	1	1891
1634	17	1	1892
1635	8	1	1893
1636	2	1	1894
1636	5	1	1894
1636	15	1	1894
1637	5	1	1895
1637	8	1	1895
1637	15	1	1895
1638	5	1	1896
1639	8	1	1897
1639	15	1	1897
1640	18	1	1898
1640	8	1	1898
1641	2	1	1899
1641	8	1	1899
1642	5	1	1900
1642	8	1	1900
1643	7	1	1901
1644	8	1	1902
1644	15	1	1902
1645	5	1	1903
1646	5	1	1904
1646	8	1	1904
1647	5	1	1906
1647	15	1	1906
1648	5	1	1907
1648	4	1	1907
1648	3	1	1907
1648	2	1	1907
1648	8	1	1907
1649	8	1	1908
1649	17	1	1908
1650	14	1	1909
1650	16	1	1909
1650	6	1	1909
1650	1	1	1909
1650	17	1	1909
1651	1	1	1910
1651	5	1	1910
1651	6	1	1910
1652	5	1	1911
1653	15	1	1912
1653	17	1	1912
1653	8	1	1912
1653	5	1	1912
1653	6	1	1912
1654	8	1	1913
1654	14	1	1913
1655	5	1	1914
1655	8	1	1914
1656	8	1	1915
1657	8	1	1916
1657	15	1	1916
1658	16	1	1917
1658	15	1	1917
1658	1	1	1917
1658	17	1	1917
1659	1	1	1918
1659	5	1	1918
1659	6	1	1918
1659	17	1	1918
1660	4	1	1919
1660	5	1	1919
1661	3	1	1920
1661	4	1	1920
1661	9	1	1920
1661	18	1	1920
1662	17	1	1921
1662	16	1	1921
1663	8	1	1922
1664	15	1	1923
1664	5	1	1923
1665	11	1	1924
1665	16	1	1924
1666	1	1	1925
1666	8	1	1925
1666	15	1	1925
1666	18	1	1925
1667	13	1	1926
1668	1	1	1927
1668	8	1	1927
1668	18	1	1927
1669	19	1	1928
1669	8	1	1928
1670	8	1	1929
1671	8	1	1930
1671	15	1	1930
1671	18	1	1930
1672	2	1	1931
1672	8	1	1931
1673	8	1	1932
1673	13	1	1932
1674	8	1	1933
1675	5	1	1934
1675	15	1	1934
1676	13	1	1935
1676	15	1	1935
1676	8	1	1935
1677	18	1	1936
1677	8	1	1936
1678	5	1	1937
1679	8	1	1938
1680	8	1	1939
1680	18	1	1939
1681	8	1	1940
1682	8	1	1941
1683	8	1	1942
1684	8	1	1943
1685	18	1	1944
1685	8	1	1944
1685	15	1	1944
1686	6	1	1945
1686	8	1	1945
1687	8	1	1946
1687	15	1	1946
1688	8	1	1947
1688	13	1	1947
1688	15	1	1947
1689	5	1	1948
1690	8	1	1949
1691	14	1	1950
1691	8	1	1950
1692	8	1	1951
1692	13	1	1951
1693	8	1	1952
1694	17	1	1953
1694	8	1	1953
1694	1	1	1953
1694	6	1	1953
1695	1	1	1954
1695	8	1	1954
1695	15	1	1954
1696	8	1	1955
1697	8	1	1956
1698	8	1	1957
1699	5	1	1958
1699	8	1	1958
1700	15	1	1959
1700	8	1	1959
1701	8	1	1960
1702	8	1	1961
1703	8	1	1962
1704	5	1	1963
1704	6	1	1963
1705	8	1	1964
1705	14	1	1964
1706	5	1	1965
1706	16	1	1965
1707	5	1	1966
1708	2	1	1967
1708	4	1	1967
1708	9	1	1967
1709	5	1	1968
1709	8	1	1968
1710	17	1	1969
1710	11	1	1969
1711	5	1	1970
1711	9	1	1970
1711	11	1	1970
1711	17	1	1970
1712	9	1	1971
1712	11	1	1971
1712	17	1	1971
1713	11	1	1972
1714	11	1	1973
1715	11	1	1974
1716	11	1	1975
1717	11	1	1976
1718	11	1	1977
1719	11	1	1978
1720	11	1	1979
1721	11	1	1980
1722	11	1	1981
1723	11	1	1982
1724	11	1	1983
1725	11	1	1984
1726	11	1	1985
1727	11	1	1986
1728	11	1	1987
1729	11	1	1988
1730	11	1	1989
1731	11	1	1990
1732	17	1	1991
1732	11	1	1991
1733	11	1	1992
1733	17	1	1992
1734	5	1	1993
1734	11	1	1993
1734	17	1	1993
1735	8	1	1994
1735	9	1	1994
1735	11	1	1994
1735	17	1	1994
1736	17	1	1995
1736	11	1	1995
1737	11	1	1996
1737	17	1	1996
1738	11	1	1997
1738	14	1	1997
1739	11	1	1998
1740	11	1	1999
1741	1	1	2000
1741	5	1	2000
1741	6	1	2000
1741	8	1	2000
1742	6	1	2001
1742	8	1	2001
1742	5	1	2001
1742	1	1	2001
1743	5	1	2002
1743	6	1	2002
1743	8	1	2002
1743	1	1	2002
1744	5	1	2003
1744	11	1	2003
1745	5	1	2004
1745	11	1	2004
1746	2	1	2005
1746	4	1	2005
1746	5	1	2005
1746	9	1	2005
1747	1	1	2006
1747	2	1	2006
1747	15	1	2006
1748	5	1	2007
1749	6	1	2008
1749	8	1	2008
1749	10	1	2008
1750	11	1	2009
1750	16	1	2009
1750	8	1	2009
1750	17	1	2009
1751	17	1	2010
1751	8	1	2010
1751	15	1	2010
1751	16	1	2010
1752	16	1	2011
1752	5	1	2011
1752	1	1	2011
1752	2	1	2011
1753	5	1	2012
1753	16	1	2012
1753	19	1	2012
1754	1	1	2013
1754	2	1	2013
1754	8	1	2013
1755	4	1	2014
1755	5	1	2014
1756	9	1	2015
1756	5	1	2015
1756	4	1	2015
1757	5	1	2016
1757	19	1	2016
1757	4	1	2016
1758	4	1	2017
1758	9	1	2017
1758	13	1	2017
1759	3	1	2018
1759	4	1	2018
1759	8	1	2018
1760	1	1	2019
1760	8	1	2019
1761	15	1	2020
1761	8	1	2020
1762	2	1	2021
1762	16	1	2021
1763	8	1	2022
1764	1	1	2023
1764	6	1	2023
1764	8	1	2023
1765	8	1	2024
1765	14	1	2024
1766	8	1	2025
1766	15	1	2025
1767	11	1	2026
1767	17	1	2026
1768	6	1	2027
1768	5	1	2027
1769	18	1	2028
1769	8	1	2028
1769	1	1	2028
1770	5	1	2029
1770	15	1	2029
1771	4	1	2031
1771	5	1	2031
1772	4	1	2032
1772	5	1	2032
1773	3	1	2033
1773	4	1	2033
1774	16	1	2034
1775	5	1	2035
1775	4	1	2035
1776	4	1	2036
1776	5	1	2036
1777	2	1	2037
1777	4	1	2037
1777	5	1	2037
1778	4	1	2038
1778	5	1	2038
1778	16	1	2038
1779	2	1	2039
1779	4	1	2039
1780	4	1	2040
1780	5	1	2040
1781	1	1	2041
1781	5	1	2041
1781	4	1	2041
1781	2	1	2041
1782	4	1	2042
1782	5	1	2042
1783	2	1	2043
1783	4	1	2043
1783	9	1	2043
1784	5	1	2044
1784	9	1	2044
1785	2	1	2045
1785	4	1	2045
1785	8	1	2045
1785	15	1	2045
1786	2	1	2046
1786	4	1	2046
1786	16	1	2046
1787	2	1	2047
1787	4	1	2047
1787	9	1	2047
1787	13	1	2047
1788	3	1	2048
1788	4	1	2048
1789	5	1	2049
1789	13	1	2049
1790	5	1	2050
1790	2	1	2050
1790	4	1	2050
1791	5	1	2051
1791	4	1	2051
1791	2	1	2051
1792	4	1	2052
1792	5	1	2052
1793	4	1	2053
1793	5	1	2053
1793	16	1	2053
1794	2	1	2054
1794	4	1	2054
1794	5	1	2054
1794	9	1	2054
1794	16	1	2054
1795	5	1	2055
1795	19	1	2055
1796	4	1	2056
1796	2	1	2056
1797	2	1	2057
1797	4	1	2057
1798	1	1	2058
1798	6	1	2058
1798	8	1	2058
1798	14	1	2058
1798	17	1	2058
1799	4	1	2059
1799	5	1	2059
1799	15	1	2059
1800	5	1	2060
1801	7	1	2061
1802	8	1	2062
1802	15	1	2062
1803	8	1	2063
1803	15	1	2063
1804	5	1	2064
1804	7	1	2064
1805	5	1	2065
1805	8	1	2065
1805	9	1	2065
1805	15	1	2065
1806	10	1	2066
1807	8	1	2067
1807	15	1	2067
1807	18	1	2067
1808	8	1	2068
1808	9	1	2068
1808	14	1	2068
1809	8	1	2069
1810	8	1	2070
1811	8	1	2071
1812	5	1	2072
1813	5	1	2073
1814	6	1	2074
1814	8	1	2074
1814	15	1	2074
1815	8	1	2075
1815	18	1	2075
1816	14	1	2076
1816	17	1	2076
1816	8	1	2076
1817	2	1	2077
1817	4	1	2077
1818	3	1	2078
1818	4	1	2078
1818	5	1	2078
1818	13	1	2078
1819	4	1	2079
1819	8	1	2079
1820	4	1	2080
1820	15	1	2080
1820	5	1	2080
1820	3	1	2080
1820	13	1	2080
1821	3	1	2081
1821	4	1	2081
1821	5	1	2081
1821	13	1	2081
1821	15	1	2081
1822	4	1	2082
1822	5	1	2082
1823	4	1	2083
1823	9	1	2083
1823	13	1	2083
1824	4	1	2084
1824	13	1	2084
1825	3	1	2085
1825	4	1	2085
1825	5	1	2085
1826	8	1	2086
1826	9	1	2086
1827	3	1	2087
1827	4	1	2087
1827	9	1	2087
1827	13	1	2087
1828	13	1	2088
1828	2	1	2088
1828	5	1	2088
1829	3	1	2089
1829	4	1	2089
1830	2	1	2090
1830	3	1	2090
1830	4	1	2090
1830	6	1	2090
1830	8	1	2090
1830	9	1	2090
1831	4	1	2091
1831	16	1	2091
1832	5	1	2092
1832	9	1	2092
1832	13	1	2092
1832	4	1	2092
1832	3	1	2092
1832	2	1	2092
1833	4	1	2093
1833	9	1	2093
1833	2	1	2093
1834	2	1	2094
1834	16	1	2094
1834	1	1	2094
1835	5	1	2095
1835	4	1	2095
1836	3	1	2096
1836	4	1	2096
1836	13	1	2096
1837	4	1	2097
1837	14	1	2097
1837	9	1	2097
1837	11	1	2097
1838	4	1	2098
1838	5	1	2098
1839	2	1	2099
1839	3	1	2099
1839	4	1	2099
1839	13	1	2099
1840	5	1	2100
1840	9	1	2100
1840	15	1	2100
1841	8	1	2101
1841	2	1	2101
1842	13	1	2102
1842	5	1	2102
1842	4	1	2102
1842	3	1	2102
1843	2	1	2103
1843	4	1	2103
1843	9	1	2103
1843	19	1	2103
1844	8	1	2104
1845	1	1	2105
1845	2	1	2105
1845	3	1	2105
1845	16	1	2105
1845	17	1	2105
1846	8	1	2106
1846	18	1	2106
1847	17	1	2107
1847	11	1	2107
1848	5	1	2108
1848	15	1	2108
1849	5	1	2109
1850	5	1	2110
1850	6	1	2110
1850	17	1	2110
1851	5	1	2111
1852	6	1	2112
1852	8	1	2112
1853	17	1	2113
1853	11	1	2113
1854	8	1	2114
1855	1	1	2115
1855	2	1	2115
1856	2	1	2116
1856	3	1	2116
1856	4	1	2116
1856	9	1	2116
1857	8	1	2117
1857	16	1	2117
1858	11	1	2119
1859	8	1	2120
1859	11	1	2120
1860	11	1	2121
1860	17	1	2121
1861	17	1	2122
1861	11	1	2122
1862	5	1	2124
1862	9	1	2124
1862	11	1	2124
1863	5	1	2125
1863	8	1	2125
1863	9	1	2125
1863	15	1	2125
1864	17	1	2126
1864	1	1	2126
1864	6	1	2126
1864	14	1	2126
1865	15	1	2127
1865	8	1	2127
1866	5	1	2128
1867	7	1	2129
1868	6	1	2130
1868	8	1	2130
1868	15	1	2130
1869	8	1	2131
1870	8	1	2132
1871	2	1	2133
1871	5	1	2133
1872	9	1	2134
1872	16	1	2134
1872	5	1	2134
1873	13	1	2135
1873	2	1	2135
1874	5	1	2136
1875	3	1	2137
1875	4	1	2137
1876	2	1	2138
1876	3	1	2138
1876	4	1	2138
1876	8	1	2138
1876	9	1	2138
1877	4	1	2139
1877	8	1	2139
1877	3	1	2139
1877	2	1	2139
1878	4	1	2140
1878	9	1	2140
1878	2	1	2140
1879	2	1	2141
1879	3	1	2141
1879	4	1	2141
1879	5	1	2141
1880	3	1	2142
1880	4	1	2142
1880	5	1	2142
1881	9	1	2143
1881	15	1	2143
1881	2	1	2143
1882	5	1	2144
1883	5	1	2145
1883	8	1	2145
1883	15	1	2145
1884	8	1	2146
1884	15	1	2146
1885	8	1	2147
1886	5	1	2148
1886	11	1	2148
1887	5	1	2149
1887	11	1	2149
1888	2	1	2150
1888	5	1	2150
1889	5	1	2151
1890	5	1	2152
1890	4	1	2152
1891	8	1	2154
1891	15	1	2154
1892	5	1	2155
1892	8	1	2155
1893	5	1	2156
1893	8	1	2156
1893	15	1	2156
1894	15	1	2157
1895	6	1	2158
1895	11	1	2158
1896	11	1	2159
1896	17	1	2159
1896	6	1	2159
1897	11	1	2160
1897	17	1	2160
1897	8	1	2160
1898	2	1	2161
1898	4	1	2161
1898	9	1	2161
1899	2	1	2162
1899	4	1	2162
1899	9	1	2162
1900	5	1	2163
1900	11	1	2163
1901	8	1	2164
1902	5	1	2165
1902	8	1	2165
1903	8	1	2166
1903	15	1	2166
1904	1	1	2167
1904	11	1	2167
1904	17	1	2167
1905	8	1	2168
1905	15	1	2168
1906	5	1	2169
1907	1	1	2170
1907	5	1	2170
1908	15	1	2171
1908	5	1	2171
1908	8	1	2171
1909	5	1	2172
1909	8	1	2172
1910	2	1	2173
1910	9	1	2173
1910	16	1	2173
1911	5	1	2174
1911	9	1	2174
1912	8	1	2175
1912	15	1	2175
1913	6	1	2176
1913	8	1	2176
1913	17	1	2176
1914	17	1	2177
1914	5	1	2177
1915	17	1	2178
1916	17	1	2179
1917	17	1	2180
1918	8	1	2181
1918	14	1	2181
1918	15	1	2181
1918	17	1	2181
1919	8	1	2182
1919	10	1	2182
1919	17	1	2182
1920	14	1	2183
1920	17	1	2183
1920	8	1	2183
1920	2	1	2183
1921	14	1	2184
1921	5	1	2184
1922	17	1	2185
1923	6	1	2186
1923	8	1	2186
1923	10	1	2186
1923	17	1	2186
1924	14	1	2187
1924	17	1	2187
1925	8	1	2188
1926	9	1	2189
1926	16	1	2189
1926	5	1	2189
1926	3	1	2189
1927	8	1	2190
1928	5	1	2191
1929	17	1	2192
1930	1	1	2193
1930	2	1	2193
1930	9	1	2193
1931	1	1	2194
1931	6	1	2194
1931	8	1	2194
1932	5	1	2195
1933	1	1	2196
1934	8	1	2197
1935	8	1	2200
1936	8	1	2201
1937	8	1	2202
1937	18	1	2202
1938	10	1	2203
1938	17	1	2203
1939	17	1	2204
1940	5	1	2205
1940	15	1	2205
1941	10	1	2206
1941	14	1	2206
1941	17	1	2206
1942	8	1	2207
1943	14	1	2208
1943	17	1	2208
1943	8	1	2208
1944	17	1	2209
1944	6	1	2209
1945	17	1	2210
1946	17	1	2211
1947	8	1	2212
1947	17	1	2212
1948	17	1	2214
1949	5	1	2215
1949	15	1	2215
1950	8	1	2218
1951	17	1	2219
1951	14	1	2219
1952	8	1	2221
1952	17	1	2221
1953	5	1	2223
1954	8	1	2226
1955	6	1	2227
1955	8	1	2227
1955	17	1	2227
1956	8	1	2231
1957	11	1	2232
1957	14	1	2232
1957	16	1	2232
1957	17	1	2232
1958	8	1	2233
1959	8	1	2234
1960	18	1	2235
1960	8	1	2235
1961	8	1	2236
1962	8	1	2237
1963	5	1	2238
1963	8	1	2238
1964	5	1	2239
1964	8	1	2239
1965	8	1	2240
1966	5	1	2241
1967	8	1	2242
1968	15	1	2243
1968	5	1	2243
1968	8	1	2243
1969	5	1	2244
1969	15	1	2244
1970	5	1	2245
1970	8	1	2245
1970	15	1	2245
1971	5	1	2246
1972	5	1	2247
1973	5	1	2248
1973	8	1	2248
1973	15	1	2248
1974	5	1	2249
1975	8	1	2250
1976	5	1	2251
1977	5	1	2252
1977	8	1	2252
1978	1	1	2253
1978	5	1	2253
1978	9	1	2253
1979	5	1	2255
1980	11	1	2256
1980	16	1	2256
1981	5	1	2257
1981	15	1	2257
1982	1	1	2258
1983	5	1	2259
1983	15	1	2259
1984	6	1	2260
1984	8	1	2260
1985	5	1	2261
1986	5	1	2262
1986	8	1	2262
1986	15	1	2262
1987	8	1	2263
1987	9	1	2263
1987	17	1	2263
1988	5	1	2264
1988	6	1	2264
1989	2	1	2265
1989	5	1	2265
1990	15	1	2266
1990	5	1	2266
1991	17	1	2267
1991	14	1	2267
1992	6	1	2268
1992	8	1	2268
1992	17	1	2268
1993	8	1	2269
1993	15	1	2269
1994	8	1	2271
1995	8	1	2272
1996	1	1	2273
1996	5	1	2273
1996	6	1	2273
1996	17	1	2273
1997	1	1	2275
1997	2	1	2275
1997	16	1	2275
1998	8	1	2276
1999	1	1	2278
1999	6	1	2278
1999	17	1	2278
2000	11	1	2279
2000	17	1	2279
2001	6	1	2280
2002	1	1	2281
2002	6	1	2281
2002	8	1	2281
2003	8	1	2282
2003	5	1	2282
2004	8	1	2283
2005	8	1	2284
2006	8	1	2285
2007	5	1	2286
2008	16	1	2287
2008	17	1	2287
2009	1	1	2288
2009	11	1	2288
2009	16	1	2288
2009	17	1	2288
2010	5	1	2289
2010	6	1	2289
2010	8	1	2289
2011	5	1	2290
2011	8	1	2290
2012	8	1	2291
2012	9	1	2291
2012	15	1	2291
2012	5	1	2291
2013	5	1	2292
2013	15	1	2292
2014	8	1	2293
2015	2	1	2294
2015	3	1	2294
2015	4	1	2294
2015	5	1	2294
2015	9	1	2294
2016	5	1	2295
2017	5	1	2296
2018	2	1	2297
2018	8	1	2297
2018	9	1	2297
2018	15	1	2297
2019	17	1	2298
2020	5	1	2299
2021	5	1	2300
2021	13	1	2300
2022	5	1	2301
2022	13	1	2301
2023	5	1	2302
2024	13	1	2303
2024	8	1	2303
2025	8	1	2304
2026	8	1	2305
2027	5	1	2306
2028	1	1	2307
2028	6	1	2307
2029	1	1	2308
2029	6	1	2308
2030	8	1	2310
2031	16	1	2311
2032	8	1	2312
2033	8	1	2313
2034	8	1	2314
2035	11	1	2315
2035	17	1	2315
2035	5	1	2315
2036	9	1	2316
2036	14	1	2316
2036	15	1	2316
2036	8	1	2316
2037	5	1	2317
2038	5	1	2318
2038	8	1	2318
2039	8	1	2320
2039	17	1	2320
2040	5	1	2321
2040	8	1	2321
2040	9	1	2321
2041	1	1	2322
2041	16	1	2322
2041	18	1	2322
2042	7	1	2323
2043	5	1	2324
2043	8	1	2324
2043	15	1	2324
2043	18	1	2324
2044	5	1	2325
2045	8	1	2326
2045	17	1	2326
2046	11	1	2327
2047	11	1	2328
2047	19	1	2328
2048	6	1	2329
2048	8	1	2329
2049	7	1	2330
2049	5	1	2330
2050	5	1	2331
2050	8	1	2331
2050	15	1	2331
2051	6	1	2332
2051	8	1	2332
2052	8	1	2333
2053	1	1	2334
2053	17	1	2334
2054	5	1	2335
2055	8	1	2336
2056	8	1	2337
2057	17	1	2338
2057	11	1	2338
2057	14	1	2338
2058	5	1	2339
2058	15	1	2339
2059	15	1	2340
2060	8	1	2341
2061	5	1	2342
2061	8	1	2342
2062	8	1	2343
2063	17	1	2344
2063	1	1	2344
2063	2	1	2344
2063	8	1	2344
2064	8	1	2345
2065	17	1	2346
2065	16	1	2346
2066	8	1	2347
2067	8	1	2348
2068	5	1	2349
2068	17	1	2349
2069	5	1	2350
2070	8	1	2351
2071	5	1	2352
2071	8	1	2352
2072	1	1	2353
2072	17	1	2353
2073	3	1	2354
2073	4	1	2354
2073	5	1	2354
2074	2	1	2355
2074	3	1	2355
2074	4	1	2355
2074	5	1	2355
2075	5	1	2356
2076	8	1	2357
2077	8	1	2358
2077	18	1	2358
2078	5	1	2359
2079	8	1	2360
2080	5	1	2361
2081	8	1	2362
2082	16	1	2363
2082	11	1	2363
2082	1	1	2363
2083	1	1	2364
2083	11	1	2364
2083	16	1	2364
2083	17	1	2364
2084	1	1	2365
2084	16	1	2365
2085	1	1	2366
2085	2	1	2366
2085	11	1	2366
2086	2	1	2367
2086	11	1	2367
2086	1	1	2367
2087	16	1	2368
2087	2	1	2368
2088	5	1	2369
2088	8	1	2369
2088	15	1	2369
2089	1	1	2370
2089	2	1	2370
2089	8	1	2370
2090	5	1	2371
2090	6	1	2371
2090	14	1	2371
2091	5	1	2372
2092	9	1	2373
2092	2	1	2373
2092	1	1	2373
2093	5	1	2374
2093	8	1	2374
2094	5	1	2375
2095	1	1	2376
2095	2	1	2376
2095	17	1	2376
2096	11	1	2377
2096	16	1	2377
2097	5	1	2378
2097	6	1	2378
2098	5	1	2379
2099	5	1	2380
2100	5	1	2381
2101	5	1	2382
2102	5	1	2383
2103	4	1	2384
2103	5	1	2384
2104	5	1	2385
2104	15	1	2385
2105	5	1	2386
2105	8	1	2386
2106	5	1	2387
2106	6	1	2387
2107	15	1	2388
2107	8	1	2388
2108	17	1	2389
2108	11	1	2389
2108	6	1	2389
2109	5	1	2390
2110	6	1	2391
2110	8	1	2391
2110	17	1	2391
2111	5	1	2392
2111	8	1	2392
2112	1	1	2393
2112	8	1	2393
2112	15	1	2393
2112	16	1	2393
2113	3	1	2394
2113	13	1	2394
2114	8	1	2395
2114	5	1	2395
2115	5	1	2396
2115	8	1	2396
2115	15	1	2396
2116	8	1	2397
2117	5	1	2398
2117	8	1	2398
2118	2	1	2399
2118	4	1	2399
2118	9	1	2399
2119	8	1	2400
2119	4	1	2400
2120	19	1	2401
2121	1	1	2402
2121	18	1	2402
2122	1	1	2403
2122	8	1	2403
2122	17	1	2403
2123	1	1	2404
2123	2	1	2404
2123	18	1	2404
2124	15	1	2405
2124	1	1	2405
2124	2	1	2405
2124	5	1	2405
2125	15	1	2406
2125	5	1	2406
2125	1	1	2406
2125	2	1	2406
2126	5	1	2407
2126	16	1	2407
2127	5	1	2408
2127	16	1	2408
2128	1	1	2409
2128	8	1	2409
2129	1	1	2410
2129	8	1	2410
2130	8	1	2411
2130	1	1	2411
2131	8	1	2412
2131	1	1	2412
2132	5	1	2413
2132	14	1	2413
2133	1	1	2414
2133	2	1	2414
2133	14	1	2414
2134	8	1	2415
2134	15	1	2415
2135	5	1	2416
2136	5	1	2417
2136	8	1	2417
2137	5	1	2418
2138	8	1	2419
2138	17	1	2419
2139	8	1	2420
2140	1	1	2421
2140	2	1	2421
2140	8	1	2421
2141	1	1	2422
2141	2	1	2422
2141	8	1	2422
2142	5	1	2423
2143	5	1	2424
2143	15	1	2424
2144	6	1	2425
2145	15	1	2426
2145	8	1	2426
2145	5	1	2426
2146	8	1	2427
2146	18	1	2427
2146	1	1	2427
2147	11	1	2428
2147	16	1	2428
2148	1	1	2429
2148	2	1	2429
2148	8	1	2429
2148	9	1	2429
2148	17	1	2429
2149	4	1	2430
2149	8	1	2430
2149	2	1	2430
2150	8	1	2431
2150	5	1	2431
2151	8	1	2432
2152	8	1	2433
2153	8	1	2434
2154	8	1	2435
2155	5	1	2436
2155	8	1	2436
2155	18	1	2436
2156	8	1	2437
2157	8	1	2439
2158	8	1	2440
2159	8	1	2441
2159	19	1	2441
2160	8	1	2442
2161	8	1	2443
2161	15	1	2443
2162	5	1	2444
2162	8	1	2444
2163	8	1	2445
2164	11	1	2446
2164	17	1	2446
2165	5	1	2447
2165	8	1	2447
2166	11	1	2448
2166	16	1	2448
2167	2	1	2449
2167	4	1	2449
2167	5	1	2449
2168	2	1	2450
2168	5	1	2450
2168	16	1	2450
2169	11	1	2451
2170	11	1	2452
2171	8	1	2453
2171	9	1	2453
2172	11	1	2454
2172	16	1	2454
2173	16	1	2455
2173	8	1	2455
2173	11	1	2455
2174	16	1	2456
2174	11	1	2456
2175	1	1	2457
2175	5	1	2457
2176	5	1	2458
2176	6	1	2458
2177	11	1	2459
2178	11	1	2460
2179	5	1	2461
2179	11	1	2461
2179	17	1	2461
2180	11	1	2462
2181	5	1	2463
2182	11	1	2464
2183	11	1	2465
2184	8	1	2466
2185	6	1	2467
2185	8	1	2467
2185	14	1	2467
2185	17	1	2467
2186	1	1	2468
2186	5	1	2468
2186	15	1	2468
2186	17	1	2468
2187	5	1	2469
2187	8	1	2469
2188	2	1	2470
2188	5	1	2470
2189	1	1	2471
2189	2	1	2471
2189	5	1	2471
2190	5	1	2472
2191	5	1	2473
2192	8	1	2474
2193	1	1	2475
2193	14	1	2475
2193	17	1	2475
2194	1	1	2476
2194	18	1	2476
2195	2	1	2477
2196	5	1	2478
2196	19	1	2478
2197	17	1	2479
2197	8	1	2479
2198	8	1	2480
2199	8	1	2481
2199	15	1	2481
2200	5	1	2482
2200	15	1	2482
2201	2	1	2483
2201	5	1	2483
2201	17	1	2483
2202	5	1	2485
2202	15	1	2485
2203	5	1	2486
2203	8	1	2486
2204	5	1	2487
2204	1	1	2487
2205	8	1	2488
2205	11	1	2488
2205	17	1	2488
2206	1	1	2490
2206	17	1	2490
2207	5	1	2491
2207	15	1	2491
2208	5	1	2492
2208	15	1	2492
2209	8	1	2493
2210	7	1	2494
2211	3	1	2495
2211	16	1	2495
2212	5	1	2496
2212	15	1	2496
2213	15	1	2497
2214	5	1	2499
2215	5	1	2500
2216	8	1	2501
2217	5	1	2502
2217	6	1	2502
2218	8	1	2503
2219	5	1	2504
2219	8	1	2504
2220	8	1	2505
2220	17	1	2505
2220	14	1	2505
2221	5	1	2506
2221	8	1	2506
2221	15	1	2506
2222	5	1	2507
2222	16	1	2507
2223	5	1	2509
2224	5	1	2510
2224	15	1	2510
2225	6	1	2511
2225	10	1	2511
2226	8	1	2512
2227	11	1	2513
2228	11	1	2514
2229	11	1	2515
2230	11	1	2516
2231	11	1	2517
2232	5	1	2518
2233	11	1	2519
2234	8	1	2520
2235	1	1	2521
2235	8	1	2521
2235	17	1	2521
2236	8	1	2522
2237	17	1	2523
2237	8	1	2523
2238	17	1	2524
2238	8	1	2524
2238	2	1	2524
2238	1	1	2524
2239	1	1	2525
2239	11	1	2525
2239	16	1	2525
2240	16	1	2526
2241	1	1	2527
2241	16	1	2527
2241	17	1	2527
2241	19	1	2527
2242	16	1	2528
2242	1	1	2528
2242	2	1	2528
2243	16	1	2529
2243	1	1	2529
2243	8	1	2529
2244	1	1	2530
2244	16	1	2530
2245	1	1	2531
2245	16	1	2531
2246	1	1	2532
2246	16	1	2532
2247	1	1	2533
2247	16	1	2533
2248	1	1	2534
2249	8	1	2535
2249	17	1	2535
2249	1	1	2535
2250	8	1	2536
2251	2	1	2537
2252	7	1	2538
2253	5	1	2539
2254	1	1	2540
2254	6	1	2540
2254	8	1	2540
2254	17	1	2540
2255	8	1	2541
2256	17	1	2542
2256	5	1	2542
2256	6	1	2542
2257	5	1	2543
2258	15	1	2544
2258	8	1	2544
2259	5	1	2545
2260	8	1	2546
2261	11	1	2548
2262	1	1	2549
2262	16	1	2549
2263	11	1	2550
2264	8	1	2551
2264	11	1	2551
2264	17	1	2551
2265	5	1	2552
2266	11	1	2553
2266	17	1	2553
2266	16	1	2553
2267	11	1	2554
2267	16	1	2554
2267	17	1	2554
2268	5	1	2555
2269	5	1	2556
2269	8	1	2556
2269	15	1	2556
2270	8	1	2557
2270	17	1	2557
2271	15	1	2558
2271	5	1	2558
2272	3	1	2559
2272	4	1	2559
2273	5	1	2560
2273	8	1	2560
2273	11	1	2560
2274	6	1	2561
2274	17	1	2561
2275	8	1	2562
2276	8	1	2563
2277	8	1	2565
2277	13	1	2565
2277	15	1	2565
2278	4	1	2566
2278	3	1	2566
2279	5	1	2567
2280	1	1	2568
2280	6	1	2568
2281	8	1	2569
2281	15	1	2569
2282	8	1	2570
2282	15	1	2570
2283	1	1	2571
2283	16	1	2571
2283	17	1	2571
2284	5	1	2572
2284	15	1	2572
2285	13	1	2573
2285	8	1	2573
2286	5	1	2574
2287	8	1	2575
2288	8	1	2576
2289	5	1	2577
2289	8	1	2577
2290	16	1	2578
2291	6	1	2579
2291	10	1	2579
2291	14	1	2579
2291	17	1	2579
2292	5	1	2580
2292	6	1	2580
2293	15	1	2581
2293	5	1	2581
2294	5	1	2582
2294	1	1	2582
2295	5	1	2583
2295	8	1	2583
2296	5	1	2584
2297	8	1	2585
2297	15	1	2585
2298	5	1	2586
2298	6	1	2586
2298	17	1	2586
2299	5	1	2587
2299	6	1	2587
2299	8	1	2587
2300	5	1	2589
2300	8	1	2589
2300	15	1	2589
2301	8	1	2590
2302	5	1	2591
2302	8	1	2591
2302	15	1	2591
2303	5	1	2593
2304	8	1	2594
2304	15	1	2594
2304	16	1	2594
2304	17	1	2594
2305	5	1	2596
2305	8	1	2596
2306	5	1	2597
2306	15	1	2597
2307	5	1	2598
2308	5	1	2599
2309	1	1	2600
2309	16	1	2600
2309	17	1	2600
2310	2	1	2602
2310	16	1	2602
2311	6	1	2605
2311	17	1	2605
2312	5	1	2606
2312	11	1	2606
2313	15	1	2607
2313	8	1	2607
2314	8	1	2609
2315	8	1	2610
2316	8	1	2611
2317	8	1	2612
2317	10	1	2612
2318	5	1	2613
2318	11	1	2613
2318	16	1	2613
2319	1	1	2614
2319	11	1	2614
2319	16	1	2614
2320	2	1	2615
2320	16	1	2615
2321	1	1	2616
2321	6	1	2616
2322	1	1	2617
2322	2	1	2617
2322	9	1	2617
2322	11	1	2617
2322	17	1	2617
2323	5	1	2618
2324	8	1	2619
2325	8	1	2620
2325	15	1	2620
2326	8	1	2621
2327	5	1	2623
2328	8	1	2624
2329	17	1	2625
2329	16	1	2625
2329	6	1	2625
2329	1	1	2625
2329	2	1	2625
2330	5	1	2626
2330	8	1	2626
2330	15	1	2626
2331	7	1	2627
2331	8	1	2627
2332	1	1	2628
2332	2	1	2628
2332	16	1	2628
2333	5	1	2629
2333	15	1	2629
2334	8	1	2630
2335	5	1	2631
2335	10	1	2631
2335	17	1	2631
2336	8	1	2632
2336	14	1	2632
2337	11	1	2633
2337	15	1	2633
2338	11	1	2634
2339	11	1	2635
2340	11	1	2636
2341	11	1	2637
2342	11	1	2638
2343	8	1	2639
2344	2	1	2640
2344	16	1	2640
2344	1	1	2640
2345	1	1	2641
2345	2	1	2641
2345	9	1	2641
2345	16	1	2641
2346	1	1	2642
2346	2	1	2642
2346	16	1	2642
2347	16	1	2643
2347	1	1	2643
2347	2	1	2643
2348	11	1	2644
2349	11	1	2646
2350	11	1	2647
2351	11	1	2648
2352	11	1	2649
2353	11	1	2650
2354	11	1	2651
2355	11	1	2652
2356	11	1	2653
2357	8	1	2654
2357	9	1	2654
2357	11	1	2654
2358	11	1	2655
2359	11	1	2656
2359	16	1	2656
2360	5	1	2657
2360	11	1	2657
2360	13	1	2657
2360	16	1	2657
2361	5	1	2659
2361	7	1	2659
2362	11	1	2660
2362	16	1	2660
2363	16	1	2661
2364	16	1	2662
2364	17	1	2662
2364	8	1	2662
2364	1	1	2662
2364	11	1	2662
2365	16	1	2663
2366	11	1	2664
2366	16	1	2664
2366	17	1	2664
2367	16	1	2665
2368	16	1	2666
2369	11	1	2667
2369	16	1	2667
2370	11	1	2668
2370	16	1	2668
2371	18	1	2669
2372	18	1	2670
2373	5	1	2671
2373	15	1	2671
2374	8	1	2672
2374	11	1	2672
2374	16	1	2672
2374	17	1	2672
2375	8	1	2673
2376	8	1	2674
2376	9	1	2674
2377	5	1	2675
2377	8	1	2675
2377	15	1	2675
2378	8	1	2676
2378	17	1	2676
2379	7	1	2677
2379	13	1	2677
2380	5	1	2678
2381	5	1	2679
2381	8	1	2679
2381	15	1	2679
2382	5	1	2681
2382	15	1	2681
2382	16	1	2681
2383	8	1	2682
2384	1	1	2683
2384	2	1	2683
2384	5	1	2683
2385	5	1	2685
2385	8	1	2685
2386	14	1	2686
2386	8	1	2686
2387	3	1	2687
2387	4	1	2687
2388	8	1	2688
2388	17	1	2688
2389	7	1	2689
2390	5	1	2690
2390	15	1	2690
2391	8	1	2691
2392	15	1	2692
2392	1	1	2692
2392	6	1	2692
2393	7	1	2693
2394	5	1	2694
2395	8	1	2695
2396	5	1	2696
2397	5	1	2697
2397	8	1	2697
2397	15	1	2697
2398	5	1	2699
2398	11	1	2699
2399	3	1	2700
2399	5	1	2700
2399	13	1	2700
2400	2	1	2701
2400	19	1	2701
2400	16	1	2701
2400	5	1	2701
2400	1	1	2701
2400	9	1	2701
2401	8	1	2702
2402	8	1	2703
2403	8	1	2704
2403	15	1	2704
2404	8	1	2705
2405	5	1	2706
2406	17	1	2707
2407	15	1	2708
2408	5	1	2709
2408	4	1	2709
2409	11	1	2710
2409	17	1	2710
2410	8	1	2711
2411	8	1	2712
2412	11	1	2713
2412	17	1	2713
2413	8	1	2714
2414	5	1	2715
2414	15	1	2715
2415	5	1	2716
2415	9	1	2716
2415	16	1	2716
2415	1	1	2716
2416	1	1	2717
2416	16	1	2717
2416	11	1	2717
2416	5	1	2717
2416	9	1	2717
2417	5	1	2718
2418	11	1	2719
2418	17	1	2719
2419	1	1	2720
2419	2	1	2720
2419	4	1	2720
2419	5	1	2720
2420	15	1	2721
2420	5	1	2721
2421	17	1	2722
2421	16	1	2722
2421	1	1	2722
2422	1	1	2723
2422	2	1	2723
2422	5	1	2723
2423	5	1	2724
2423	15	1	2724
2424	8	1	2725
2425	6	1	2726
2425	10	1	2726
2426	10	1	2727
2427	8	1	2728
2427	15	1	2728
2427	1	1	2728
2427	18	1	2728
2428	5	1	2729
2428	8	1	2729
2428	15	1	2729
2429	8	1	2730
2429	15	1	2730
2429	18	1	2730
2430	6	1	2731
2430	8	1	2731
2431	8	1	2732
2431	15	1	2732
2432	15	1	2733
2432	5	1	2733
2432	2	1	2733
2433	8	1	2734
2434	1	1	2735
2434	2	1	2735
2434	5	1	2735
2434	9	1	2735
2434	14	1	2735
2435	5	1	2736
2436	1	1	2737
2437	5	1	2738
2437	8	1	2738
2438	8	1	2739
2439	1	1	2741
2439	6	1	2741
2439	17	1	2741
2440	5	1	2742
2440	8	1	2742
2441	8	1	2743
2442	8	1	2744
2443	8	1	2745
2444	5	1	2746
2444	11	1	2746
2444	13	1	2746
2445	5	1	2747
2445	11	1	2747
2446	5	1	2748
2446	2	1	2748
2446	1	1	2748
2447	14	1	2749
2447	8	1	2749
2448	5	1	2750
2448	8	1	2750
2449	5	1	2751
2450	5	1	2752
2450	14	1	2752
2451	17	1	2753
2452	11	1	2754
2453	8	1	2755
2454	1	1	2756
2455	8	1	2757
2456	8	1	2758
2457	5	1	2759
2458	2	1	2761
2458	3	1	2761
2458	4	1	2761
2458	8	1	2761
2458	16	1	2761
2459	8	1	2762
2459	14	1	2762
2459	17	1	2762
2460	1	1	2763
2460	14	1	2763
2461	15	1	2764
2461	17	1	2764
2461	8	1	2764
2461	6	1	2764
2462	8	1	2765
2462	5	1	2765
2463	5	1	2766
2463	8	1	2766
2464	5	1	2767
2465	5	1	2768
2466	6	1	2769
2466	8	1	2769
2467	5	1	2770
2468	8	1	2771
2469	5	1	2772
2470	8	1	2773
2471	5	1	2774
2471	15	1	2774
2472	8	1	2775
2473	7	1	2776
2474	8	1	2777
2475	17	1	2778
2476	5	1	2779
2477	5	1	2780
2477	11	1	2780
2478	11	1	2781
2479	11	1	2782
2480	11	1	2783
2481	11	1	2784
2482	11	1	2785
2483	5	1	2786
2484	11	1	2787
2485	5	1	2788
2486	11	1	2789
2487	5	1	2791
2488	5	1	2792
2489	5	1	2793
2489	11	1	2793
2489	15	1	2793
2489	17	1	2793
2490	5	1	2794
2491	5	1	2795
2492	5	1	2796
2493	5	1	2797
2493	15	1	2797
2493	8	1	2797
2493	9	1	2797
2494	5	1	2798
2495	5	1	2799
2496	3	1	2800
2496	4	1	2800
2497	8	1	2801
2497	15	1	2801
2498	1	1	2802
2498	8	1	2802
2498	15	1	2802
2498	17	1	2802
2499	14	1	2803
2499	17	1	2803
2499	8	1	2803
2500	4	1	2804
2500	5	1	2804
2501	5	1	2805
2501	15	1	2805
2502	5	1	2806
2502	17	1	2806
2503	1	1	2807
2503	16	1	2807
2504	1	1	2808
2504	16	1	2808
2505	5	1	2809
2506	14	1	2810
2506	17	1	2810
2506	3	1	2810
2507	5	1	2811
2508	1	1	2812
2508	17	1	2812
2509	7	1	2813
2510	11	1	2814
2511	1	1	2815
2511	18	1	2815
2512	1	1	2816
2512	18	1	2816
2513	1	1	2817
2514	18	1	2818
2514	1	1	2818
2515	17	1	2819
2515	8	1	2819
2515	15	1	2819
2516	8	1	2820
2517	2	1	2821
2517	8	1	2821
2518	2	1	2822
2518	15	1	2822
2519	1	1	2823
2519	2	1	2823
2519	8	1	2823
2520	7	1	2824
2520	8	1	2824
2521	8	1	2825
2522	17	1	2826
2522	11	1	2826
2522	9	1	2826
2522	1	1	2826
2522	2	1	2826
2523	11	1	2827
2523	16	1	2827
2523	17	1	2827
2524	5	1	2829
2524	8	1	2829
2525	8	1	2831
2526	15	1	2833
2526	18	1	2833
2527	5	1	2834
2527	15	1	2834
2528	1	1	2835
2528	2	1	2835
2528	5	1	2835
2528	17	1	2835
2529	5	1	2836
2530	5	1	2837
2530	15	1	2837
2531	8	1	2839
2532	8	1	2840
2532	17	1	2840
2533	17	1	2841
2534	8	1	2842
2534	6	1	2842
2535	5	1	2843
2535	15	1	2843
2536	8	1	2844
2536	14	1	2844
2537	5	1	2845
2537	8	1	2845
2538	2	1	2846
2538	4	1	2846
2538	5	1	2846
2538	8	1	2846
2539	2	1	2847
2539	8	1	2847
2539	15	1	2847
2540	8	1	2848
2541	8	1	2849
2541	5	1	2849
2542	8	1	2850
2542	17	1	2850
2543	2	1	2851
2543	16	1	2851
2543	17	1	2851
2544	8	1	2852
2545	11	1	2853
2545	14	1	2853
2546	11	1	2854
2547	17	1	2856
2548	3	1	2857
2548	13	1	2857
2548	5	1	2857
2548	2	1	2857
2548	9	1	2857
2549	8	1	2858
2550	7	1	2859
2550	13	1	2859
2551	5	1	2860
2552	5	1	2861
2552	8	1	2861
2553	8	1	2862
2553	11	1	2862
2554	5	1	2863
2554	13	1	2863
2555	5	1	2864
2556	5	1	2865
2557	8	1	2866
2558	5	1	2867
2558	11	1	2867
2559	11	1	2868
2560	8	1	2869
2561	5	1	2870
2562	2	1	2871
2562	8	1	2871
2562	17	1	2871
2563	2	1	2872
2563	9	1	2872
2564	8	1	2873
2564	14	1	2873
2564	15	1	2873
2565	5	1	2874
2566	8	1	2875
2566	14	1	2875
2566	15	1	2875
2567	3	1	2876
2567	4	1	2876
2568	8	1	2877
2568	13	1	2877
2569	11	1	2878
2570	5	1	2879
2570	1	1	2879
2570	2	1	2879
2571	17	1	2881
2571	1	1	2881
2572	8	1	2882
2573	5	1	2883
2573	8	1	2883
2574	5	1	2884
2574	15	1	2884
2575	8	1	2885
2575	15	1	2885
2576	4	1	2886
2576	5	1	2886
2577	1	1	2887
2577	5	1	2887
2578	5	1	2888
2578	15	1	2888
2579	5	1	2889
2579	4	1	2889
2580	1	1	2890
2580	2	1	2890
2580	5	1	2890
2580	8	1	2890
2580	18	1	2890
2581	5	1	2891
2582	1	1	2892
2582	8	1	2892
2583	8	1	2893
2583	1	1	2893
2583	2	1	2893
2584	15	1	2894
2584	8	1	2894
2585	2	1	2895
2586	19	1	2896
2587	5	1	2897
2587	18	1	2897
2588	11	1	2898
2588	14	1	2898
2589	2	1	2899
2589	3	1	2899
2589	4	1	2899
2590	11	1	2900
2590	16	1	2900
2591	11	1	2901
2591	16	1	2901
2592	14	1	2902
2592	17	1	2902
2592	11	1	2902
2593	11	1	2903
2593	17	1	2903
2594	8	1	2904
2595	1	1	2905
2595	2	1	2905
2595	8	1	2905
2596	8	1	2906
2596	15	1	2906
2597	5	1	2907
2598	8	1	2908
2599	8	1	2911
2600	6	1	2912
2600	8	1	2912
2600	17	1	2912
2601	5	1	2913
2601	16	1	2913
2602	5	1	2914
2602	8	1	2914
2603	5	1	2915
2604	1	1	2916
2604	2	1	2916
2604	16	1	2916
2604	17	1	2916
2605	6	1	2917
2605	17	1	2917
2606	5	1	2918
2607	8	1	2919
2607	15	1	2919
2607	18	1	2919
2608	8	1	2920
2608	15	1	2920
2609	19	1	2921
2610	6	1	2922
2610	8	1	2922
2610	19	1	2922
2611	5	1	2923
2612	5	1	2924
2612	1	1	2924
2613	8	1	2925
2614	5	1	2926
2614	8	1	2926
2615	8	1	2927
2615	15	1	2927
2616	8	1	2928
2617	8	1	2929
2617	15	1	2929
2618	8	1	2931
2619	8	1	2932
2620	8	1	2933
2621	8	1	2934
2621	13	1	2934
2622	5	1	2935
2622	15	1	2935
2623	5	1	2936
2623	15	1	2936
2623	2	1	2936
2624	5	1	2937
2625	8	1	2938
2625	16	1	2938
2626	8	1	2939
2626	17	1	2939
2627	15	1	2940
2627	8	1	2940
2627	10	1	2940
2627	14	1	2940
2628	18	1	2941
2628	15	1	2941
2628	13	1	2941
2629	8	1	2942
2629	15	1	2942
2630	8	1	2943
2630	15	1	2943
2631	1	1	2944
2631	8	1	2944
2631	18	1	2944
2632	14	1	2945
2633	5	1	2946
2633	13	1	2946
2634	1	1	2947
2634	2	1	2947
2634	17	1	2947
2635	1	1	2948
2635	2	1	2948
2635	17	1	2948
2636	1	1	2949
2636	2	1	2949
2636	17	1	2949
2637	2	1	2950
2637	8	1	2950
2637	15	1	2950
2638	1	1	2951
2638	19	1	2951
2639	6	1	2952
2639	17	1	2952
2639	8	1	2952
2640	4	1	2953
2640	5	1	2953
2641	8	1	2955
2642	1	1	2956
2642	6	1	2956
2642	17	1	2956
2643	1	1	2959
2643	6	1	2959
2643	8	1	2959
2643	17	1	2959
2644	8	1	2960
2645	5	1	2961
2645	8	1	2961
2646	5	1	2962
2646	15	1	2962
2647	6	1	2963
2647	8	1	2963
2648	8	1	2964
2649	1	1	2965
2650	2	1	2966
2650	8	1	2966
2651	8	1	2967
2651	17	1	2967
2652	4	1	2968
2652	5	1	2968
2652	9	1	2968
2652	2	1	2968
2653	8	1	2969
2653	15	1	2969
2654	2	1	2970
2654	8	1	2970
2655	8	1	2971
2655	9	1	2971
2655	13	1	2971
2656	8	1	2972
2656	18	1	2972
2657	8	1	2973
2657	5	1	2973
2657	6	1	2973
2658	11	1	2974
2658	17	1	2974
2659	5	1	2975
2659	8	1	2975
2660	8	1	2976
2660	11	1	2976
2661	5	1	2977
2661	8	1	2977
2662	5	1	2978
2662	15	1	2978
2663	8	1	2979
2664	7	1	2981
2665	17	1	2982
2665	11	1	2982
2666	17	1	2983
2667	7	1	2984
2668	1	1	2985
2668	6	1	2985
2668	16	1	2985
2669	1	1	2986
2669	6	1	2986
2669	16	1	2986
2670	6	1	2987
2670	9	1	2987
2670	5	1	2987
2670	3	1	2987
2670	2	1	2987
2670	4	1	2987
2670	14	1	2987
2671	8	1	2988
2672	17	1	2989
2672	1	1	2989
2672	2	1	2989
2673	17	1	2990
2673	6	1	2990
2673	1	1	2990
2673	2	1	2990
2674	1	1	2991
2674	2	1	2991
2674	17	1	2991
2675	11	1	2992
2675	17	1	2992
2676	2	1	2993
2676	17	1	2993
2676	1	1	2993
2677	8	1	2994
2678	11	1	2995
2678	17	1	2995
2679	8	1	2996
2680	9	1	2997
2680	5	1	2997
2680	8	1	2997
2681	8	1	2998
2681	15	1	2998
2682	5	1	2999
2683	9	1	3000
2683	8	1	3000
2683	3	1	3000
2683	1	1	3000
2683	2	1	3000
2684	8	1	3001
2685	7	1	3002
2686	5	1	3003
2686	8	1	3003
2686	15	1	3003
2686	18	1	3003
2687	5	1	3004
2687	15	1	3004
2688	17	1	3005
2689	17	1	3006
2689	8	1	3006
2690	7	1	3007
2691	8	1	3008
2691	16	1	3008
2692	8	1	3010
2693	8	1	3011
2694	5	1	3012
2695	5	1	3013
2695	11	1	3013
2696	5	1	3014
2697	17	1	3015
2698	11	1	3016
2699	11	1	3017
2700	11	1	3018
2701	8	1	3019
2701	6	1	3019
2702	1	1	3020
2702	8	1	3020
2703	11	1	3021
2704	5	1	3022
2704	18	1	3022
2705	11	1	3024
2705	16	1	3024
2706	19	1	3025
2707	11	1	3026
2708	11	1	3027
2709	5	1	3028
2710	1	1	3029
2710	8	1	3029
2711	1	1	3030
2711	5	1	3030
2711	6	1	3030
2711	8	1	3030
2711	17	1	3030
2712	5	1	3031
2713	17	1	3032
2713	8	1	3032
2713	16	1	3032
2714	5	1	3033
2714	16	1	3033
2715	2	1	3034
2715	13	1	3034
2715	5	1	3034
2715	3	1	3034
2715	4	1	3034
2716	5	1	3035
2716	8	1	3035
2716	18	1	3035
2717	2	1	3036
2717	8	1	3036
2718	2	1	3037
2718	5	1	3037
2718	8	1	3037
2718	19	1	3037
2719	8	1	3038
2720	5	1	3039
2721	5	1	3040
2722	5	1	3041
2723	5	1	3042
2724	5	1	3043
2725	14	1	3044
2725	15	1	3044
2725	17	1	3044
2726	5	1	3045
2726	8	1	3045
2727	5	1	3046
2727	15	1	3046
2728	8	1	3047
2729	5	1	3048
2730	5	1	3049
2730	18	1	3049
2731	8	1	3050
2732	8	1	3051
2733	2	1	3052
2733	5	1	3052
2733	9	1	3052
2734	8	1	3053
2734	18	1	3053
2735	16	1	3054
2735	2	1	3054
2735	3	1	3054
2735	4	1	3054
2735	9	1	3054
2736	17	1	3055
2737	6	1	3056
2737	8	1	3056
2737	17	1	3056
2738	5	1	3057
2739	11	1	3058
2739	16	1	3058
2740	5	1	3060
2740	8	1	3060
2740	13	1	3060
2741	5	1	3061
2741	13	1	3061
2742	8	1	3062
2742	18	1	3062
2742	1	1	3062
2743	17	1	3063
2744	8	1	3064
2744	17	1	3064
2745	8	1	3065
2746	1	1	3066
2746	8	1	3066
2746	18	1	3066
2747	5	1	3067
2747	8	1	3067
2748	8	1	3068
2748	14	1	3068
2749	8	1	3069
2750	16	1	3070
2750	5	1	3070
2750	2	1	3070
2751	5	1	3071
2751	8	1	3071
2752	5	1	3072
2752	15	1	3072
2753	8	1	3073
2753	15	1	3073
2754	19	1	3074
2755	11	1	3075
2755	17	1	3075
2756	5	1	3076
2757	7	1	3077
2758	8	1	3078
2759	8	1	3079
2759	5	1	3079
2760	9	1	3081
2760	11	1	3081
2760	14	1	3081
2760	15	1	3081
2761	1	1	3082
2761	17	1	3082
2762	5	1	3083
2762	8	1	3083
2763	11	1	3085
2764	5	1	3086
2765	5	1	3087
2765	9	1	3087
2765	15	1	3087
2766	5	1	3088
2767	8	1	3089
2768	8	1	3090
2769	8	1	3091
2769	18	1	3091
2770	8	1	3092
2771	8	1	3093
2771	19	1	3093
2772	8	1	3094
2772	15	1	3094
2773	8	1	3095
2774	5	1	3096
2775	15	1	3097
2775	5	1	3097
2775	8	1	3097
2776	8	1	3098
2777	5	1	3099
2777	15	1	3099
2778	8	1	3100
2779	8	1	3101
2779	17	1	3101
2780	17	1	3102
2781	8	1	3103
2781	15	1	3103
2782	2	1	3104
2782	5	1	3104
2782	6	1	3104
2782	1	1	3104
2783	8	1	3105
2783	14	1	3105
2784	8	1	3106
2784	15	1	3106
2785	1	1	3107
2785	8	1	3107
2786	5	1	3108
2786	8	1	3108
2786	9	1	3108
2786	15	1	3108
2787	8	1	3109
2788	8	1	3110
2789	8	1	3111
2790	8	1	3112
2791	1	1	3113
2791	17	1	3113
2792	2	1	3114
2792	3	1	3114
2792	4	1	3114
2792	5	1	3114
2792	9	1	3114
2793	8	1	3115
2794	8	1	3116
2795	18	1	3117
2795	15	1	3117
2795	8	1	3117
2796	8	1	3118
2797	11	1	3119
2798	5	1	3120
2799	10	1	3121
2800	8	1	3122
2800	15	1	3122
2800	19	1	3122
2801	5	1	3124
2801	8	1	3124
2802	8	1	3125
2803	8	1	3126
2804	8	1	3127
2804	5	1	3127
2805	8	1	3128
2806	8	1	3129
2806	5	1	3129
2807	5	1	3130
2807	6	1	3130
2807	8	1	3130
2808	5	1	3131
2809	5	1	3132
2809	8	1	3132
2810	5	1	3133
2810	19	1	3133
2811	8	1	3134
2811	18	1	3134
2812	8	1	3135
2813	7	1	3136
2814	1	1	3137
2814	18	1	3137
2815	8	1	3138
2816	1	1	3139
2816	2	1	3139
2817	5	1	3140
2818	8	1	3141
2819	7	1	3142
2819	13	1	3142
2820	8	1	3143
2820	18	1	3143
2821	15	1	3144
2821	5	1	3144
2822	8	1	3145
2823	5	1	3146
2824	6	1	3147
2824	8	1	3147
2824	9	1	3147
2825	8	1	3148
2826	14	1	3149
2827	8	1	3150
2827	17	1	3150
2828	6	1	3151
2828	8	1	3151
2828	14	1	3151
2829	8	1	3152
2830	1	1	3153
2830	2	1	3153
2830	9	1	3153
2831	8	1	3154
2831	18	1	3154
2832	8	1	3155
2832	15	1	3155
2833	8	1	3156
2833	15	1	3156
2833	16	1	3156
2834	4	1	3157
2834	5	1	3157
2834	9	1	3157
2835	8	1	3158
2836	3	1	3159
2836	13	1	3159
2836	4	1	3159
2836	12	1	3159
2837	8	1	3160
2838	8	1	3161
2838	15	1	3161
2839	5	1	3162
2839	8	1	3162
2840	8	1	3163
2841	1	1	3165
2841	8	1	3165
2842	2	1	3166
2843	8	1	3167
2843	5	1	3167
2844	8	1	3168
2844	2	1	3168
2845	8	1	3169
2845	17	1	3169
2846	8	1	3171
2847	2	1	3172
2848	8	1	3173
2849	5	1	3174
2849	8	1	3174
2850	2	1	3175
2850	5	1	3175
2850	16	1	3175
2851	8	1	3176
2851	14	1	3176
2851	17	1	3176
2852	5	1	3177
2853	8	1	3178
2854	8	1	3179
2855	5	1	3180
2855	8	1	3180
2856	8	1	3181
2857	7	1	3182
2858	8	1	3183
2859	8	1	3184
2859	1	1	3184
2859	5	1	3184
2859	6	1	3184
2860	8	1	3185
2861	8	1	3186
2862	7	1	3188
2863	4	1	3189
2863	8	1	3189
2864	2	1	3190
2864	16	1	3190
2864	17	1	3190
2865	8	1	3192
2866	8	1	3194
2866	15	1	3194
2867	8	1	3196
2867	18	1	3196
2868	1	1	3197
2868	17	1	3197
2868	6	1	3197
2868	14	1	3197
2869	8	1	3198
2870	5	1	3199
2870	13	1	3199
2870	15	1	3199
2871	5	1	3200
2871	8	1	3200
2872	8	1	3201
2873	8	1	3202
2873	11	1	3202
2874	17	1	3203
2875	1	1	3204
2875	17	1	3204
2876	11	1	3205
2877	15	1	3206
2878	2	1	3207
2879	1	1	3208
2879	5	1	3208
2880	8	1	3209
2881	5	1	3210
2881	8	1	3210
2881	15	1	3210
2882	8	1	3211
2883	4	1	3213
2883	3	1	3213
2884	8	1	3214
2885	8	1	3215
2886	9	1	3216
2886	11	1	3216
2886	17	1	3216
2887	8	1	3217
2888	8	1	3218
2889	17	1	3219
2890	8	1	3220
2891	8	1	3221
2892	8	1	3222
2893	8	1	3223
2894	8	1	3224
2895	5	1	3225
2895	15	1	3225
2896	17	1	3230
2897	5	1	3232
2898	5	1	3235
2899	7	1	3237
2900	17	1	3238
2901	5	1	3239
2902	5	1	3240
2903	5	1	3241
2904	5	1	3242
2905	5	1	3243
2906	5	1	3244
2906	15	1	3244
2907	8	1	3245
2908	8	1	3246
2909	6	1	3247
2909	13	1	3247
2909	5	1	3247
2910	5	1	3248
2911	8	1	3249
2911	17	1	3249
2912	8	1	3250
2913	8	1	3251
2913	14	1	3251
2914	8	1	3252
2915	5	1	3253
2916	5	1	3254
2917	5	1	3255
2917	8	1	3255
2918	1	1	3256
2918	17	1	3256
2919	8	1	3257
2919	15	1	3257
2919	17	1	3257
2920	5	1	3258
2920	9	1	3258
2921	2	1	3259
2921	8	1	3259
2921	15	1	3259
2922	8	1	3260
2923	8	1	3261
2923	15	1	3261
2923	5	1	3261
2924	14	1	3262
2924	8	1	3262
2925	5	1	3263
2925	8	1	3263
2926	1	1	3264
2926	5	1	3264
2926	11	1	3264
2927	17	1	3265
2927	1	1	3265
2927	6	1	3265
2927	8	1	3265
2928	17	1	3266
2928	8	1	3266
2928	5	1	3266
2928	6	1	3266
2929	1	1	3267
2929	6	1	3267
2929	17	1	3267
2929	19	1	3267
2930	1	1	3268
2930	5	1	3268
2931	16	1	3269
2931	2	1	3269
2931	8	1	3269
2931	15	1	3269
2932	15	1	3270
2932	5	1	3270
2932	8	1	3270
2933	8	1	3271
2934	6	1	3272
2934	8	1	3272
2935	5	1	3273
2935	11	1	3273
2935	17	1	3273
2936	8	1	3274
2936	17	1	3274
2937	8	1	3275
2937	17	1	3275
2937	5	1	3275
2937	1	1	3275
2937	6	1	3275
2938	5	1	3276
2939	11	1	3280
2940	7	1	3281
2941	5	1	3282
2942	1	1	3283
2943	5	1	3284
2943	15	1	3284
2944	2	1	3285
2944	8	1	3285
2945	5	1	3286
2946	3	1	3287
2946	4	1	3287
2947	8	1	3289
2948	10	1	3292
2949	8	1	3293
2949	16	1	3293
2950	11	1	3294
2951	8	1	3295
2952	8	1	3296
2953	6	1	3298
2953	8	1	3298
2953	17	1	3298
2954	11	1	3300
2954	16	1	3300
2954	17	1	3300
2955	5	1	3301
2955	6	1	3301
2956	5	1	3302
2957	6	1	3304
2957	8	1	3304
2958	10	1	3305
2958	11	1	3305
2959	5	1	3307
2959	8	1	3307
2959	15	1	3307
2960	5	1	3308
2960	8	1	3308
2961	5	1	3309
2962	8	1	3310
2962	5	1	3310
2963	19	1	3311
2964	5	1	3313
2965	1	1	3314
2965	8	1	3314
2966	13	1	3315
2967	1	1	3316
2967	17	1	3316
2968	5	1	3317
2968	8	1	3317
2969	8	1	3318
2969	17	1	3318
2970	8	1	3319
2971	15	1	3320
2971	5	1	3320
2971	8	1	3320
2972	5	1	3322
2973	5	1	3323
2973	6	1	3323
2974	5	1	3324
2975	5	1	3325
2975	8	1	3325
2976	5	1	3326
2976	16	1	3326
2977	7	1	3327
2978	6	1	3328
2978	8	1	3328
2979	8	1	3329
2980	8	1	3330
2980	15	1	3330
2981	8	1	3331
2982	8	1	3333
2983	6	1	3334
2983	8	1	3334
2983	10	1	3334
2983	17	1	3334
2984	6	1	3335
2984	8	1	3335
2985	8	1	3336
2985	9	1	3336
2985	18	1	3336
2986	8	1	3337
2986	5	1	3337
2987	7	1	3338
2988	18	1	3339
2989	11	1	3340
2989	16	1	3340
2990	5	1	3341
2991	8	1	3342
2991	18	1	3342
2992	5	1	3343
2992	8	1	3343
2992	15	1	3343
2993	11	1	3344
2994	2	1	3345
2994	4	1	3345
2995	2	1	3347
2995	8	1	3347
2996	5	1	3349
2997	8	1	3350
2998	11	1	3351
2999	8	1	3352
3000	5	1	3353
3000	15	1	3353
3001	16	1	3354
3002	9	1	3355
3002	11	1	3355
3002	14	1	3355
3002	17	1	3355
3003	15	1	3357
3003	8	1	3357
3004	15	1	3358
3004	5	1	3358
3005	5	1	3359
3005	8	1	3359
3006	8	1	3360
3007	5	1	3361
3007	8	1	3361
3007	15	1	3361
3008	5	1	3362
3008	6	1	3362
3008	8	1	3362
3009	5	1	3363
3009	8	1	3363
3010	6	1	3364
3010	10	1	3364
3011	19	1	3365
3011	8	1	3365
3012	18	1	3367
3013	15	1	3368
3013	19	1	3368
3014	8	1	3370
3014	17	1	3370
3015	8	1	3371
3016	1	1	3372
3016	18	1	3372
3017	19	1	3373
3018	8	1	3374
3019	16	1	3375
3020	15	1	3376
3021	8	1	3377
3021	18	1	3377
3022	8	1	3378
3023	8	1	3379
3024	10	1	3380
3025	1	1	3384
3025	6	1	3384
3026	5	1	3385
3027	8	1	3386
3027	14	1	3386
3027	17	1	3386
3028	5	1	3387
3029	4	1	3388
3029	5	1	3388
3030	2	1	3389
3030	1	1	3389
3031	2	1	3390
3032	5	1	3391
3033	5	1	3392
3034	5	1	3393
3034	9	1	3393
3034	15	1	3393
3035	5	1	3394
3035	15	1	3394
3036	5	1	3395
3037	5	1	3396
3037	13	1	3396
3037	4	1	3396
3038	4	1	3397
3038	5	1	3397
3039	4	1	3398
3039	5	1	3398
3039	13	1	3398
3040	4	1	3399
3040	5	1	3399
3041	2	1	3400
3041	3	1	3400
3041	4	1	3400
3041	9	1	3400
3042	2	1	3401
3042	16	1	3401
3043	8	1	3402
3044	8	1	3403
3044	17	1	3403
3045	1	1	3404
3045	8	1	3404
3046	1	1	3405
3046	8	1	3405
3047	1	1	3406
3047	2	1	3406
3047	8	1	3406
3047	18	1	3406
3048	8	1	3407
3048	5	1	3407
3049	8	1	3408
3050	8	1	3409
3050	17	1	3409
3051	5	1	3410
3051	8	1	3410
3052	2	1	3412
3052	4	1	3412
3052	8	1	3412
3053	6	1	3413
3053	8	1	3413
3054	15	1	3414
3055	8	1	3415
3056	5	1	3417
3056	16	1	3417
3056	2	1	3417
3057	2	1	3418
3057	5	1	3418
3057	6	1	3418
3057	8	1	3418
3057	15	1	3418
3057	1	1	3418
3058	5	1	3419
3058	6	1	3419
3059	8	1	3420
3059	17	1	3420
3060	5	1	3421
3061	15	1	3422
3061	5	1	3422
3062	8	1	3423
3063	8	1	3424
3063	5	1	3424
3064	8	1	3425
3064	13	1	3425
3065	8	1	3426
3065	15	1	3426
3066	6	1	3427
3067	8	1	3428
3068	3	1	3429
3068	5	1	3429
3069	1	1	3430
3069	6	1	3430
3069	8	1	3430
3070	1	1	3431
3070	8	1	3431
3071	8	1	3432
3071	1	1	3432
3072	1	1	3433
3072	8	1	3433
3073	1	1	3434
3073	8	1	3434
3074	6	1	3435
3074	8	1	3435
3074	10	1	3435
3075	8	1	3436
3075	15	1	3436
3076	8	1	3437
3077	16	1	3438
3077	9	1	3438
3077	1	1	3438
3077	5	1	3438
3077	4	1	3438
3078	1	1	3439
3078	4	1	3439
3078	9	1	3439
3079	1	1	3440
3079	4	1	3440
3079	9	1	3440
3080	1	1	3441
3080	8	1	3441
3080	18	1	3441
3081	1	1	3442
3082	17	1	3443
3082	1	1	3443
3082	8	1	3443
3083	1	1	3444
3084	14	1	3445
3084	17	1	3445
3085	5	1	3446
3085	8	1	3446
3086	8	1	3447
3087	5	1	3448
3087	8	1	3448
3087	18	1	3448
3088	8	1	3449
3089	5	1	3450
3090	8	1	3451
3091	1	1	3452
3091	6	1	3452
3091	15	1	3452
3091	17	1	3452
3092	8	1	3453
3092	15	1	3453
3093	5	1	3454
3093	15	1	3454
3094	8	1	3456
3095	17	1	3457
3095	8	1	3457
3096	8	1	3458
3096	15	1	3458
3097	8	1	3459
3097	11	1	3459
3098	2	1	3461
3098	8	1	3461
3098	11	1	3461
3098	17	1	3461
3099	5	1	3462
3099	15	1	3462
3100	5	1	3463
3101	16	1	3464
3101	17	1	3464
3102	8	1	3465
3103	9	1	3466
3103	5	1	3466
3104	8	1	3467
3104	19	1	3467
3105	8	1	3468
3106	8	1	3469
3107	2	1	3470
3107	8	1	3470
3108	2	1	3471
3108	8	1	3471
3108	16	1	3471
3109	11	1	3472
3109	17	1	3472
3110	5	1	3473
3111	16	1	3474
3111	17	1	3474
3112	8	1	3475
3112	15	1	3475
3113	8	1	3476
3113	9	1	3476
3113	11	1	3476
3113	14	1	3476
3113	17	1	3476
3114	5	1	3477
3114	8	1	3477
3115	8	1	3478
3116	15	1	3479
3116	9	1	3479
3116	2	1	3479
3117	15	1	3480
3117	8	1	3480
3118	5	1	3481
3118	8	1	3481
3118	15	1	3481
3119	3	1	3483
3119	4	1	3483
3120	17	1	3484
3121	11	1	3485
3122	16	1	3486
3123	19	1	3487
3124	5	1	3489
3124	9	1	3489
3124	2	1	3489
3125	11	1	3490
3126	5	1	3491
3127	2	1	3492
3127	8	1	3492
3128	2	1	3494
3128	19	1	3494
3129	5	1	3495
3129	8	1	3495
3130	8	1	3496
3131	5	1	3497
3132	8	1	3498
3133	11	1	3499
3133	17	1	3499
3133	8	1	3499
3134	8	1	3500
3134	5	1	3500
3135	5	1	3501
3135	15	1	3501
3136	8	1	3502
3137	8	1	3503
3137	14	1	3503
3137	16	1	3503
3138	5	1	3504
3138	8	1	3504
3139	17	1	3505
3139	8	1	3505
3139	14	1	3505
3140	5	1	3506
3140	8	1	3506
3141	5	1	3507
3141	8	1	3507
3142	1	1	3508
3142	2	1	3508
3142	8	1	3508
3142	19	1	3508
3143	8	1	3509
3144	8	1	3510
3144	17	1	3510
3145	5	1	3511
3146	15	1	3512
3146	8	1	3512
3147	17	1	3513
3147	8	1	3513
3148	8	1	3514
3149	5	1	3515
3149	15	1	3515
3150	5	1	3516
3150	9	1	3516
3150	15	1	3516
3151	8	1	3518
3151	17	1	3518
3152	1	1	3519
3152	18	1	3519
3153	5	1	3520
3154	5	1	3521
3154	8	1	3521
3155	8	1	3522
3156	1	1	3523
3156	17	1	3523
3157	5	1	3524
3157	15	1	3524
3158	5	1	3525
3159	5	1	3526
3159	8	1	3526
3160	1	1	3527
3160	16	1	3527
3160	17	1	3527
3161	8	1	3528
3161	15	1	3528
3162	6	1	3529
3162	17	1	3529
3163	5	1	3530
3164	5	1	3531
3164	8	1	3531
3164	15	1	3531
3165	8	1	3533
3166	8	1	3534
3167	14	1	3535
3167	17	1	3535
3167	11	1	3535
3167	6	1	3535
3167	5	1	3535
3167	8	1	3535
3168	5	1	3536
3168	8	1	3536
3168	15	1	3536
3169	8	1	3537
3169	5	1	3537
3170	5	1	3538
3171	7	1	3539
3172	8	1	3540
3172	14	1	3540
3172	15	1	3540
3173	8	1	3542
3174	8	1	3543
3174	5	1	3543
3175	5	1	3544
3176	13	1	3545
3176	18	1	3545
3177	8	1	3546
3177	17	1	3546
3178	5	1	3547
3178	8	1	3547
3179	5	1	3548
3179	8	1	3548
3180	5	1	3549
3180	13	1	3549
3180	15	1	3549
3181	11	1	3550
3182	6	1	3551
3182	8	1	3551
3182	17	1	3551
3183	5	1	3552
3184	8	1	3553
3184	17	1	3553
3185	8	1	3554
3185	15	1	3554
3186	1	1	3555
3186	17	1	3555
3187	8	1	3556
3187	14	1	3556
3188	14	1	3557
3188	17	1	3557
3189	5	1	3559
3189	15	1	3559
3189	8	1	3559
3190	5	1	3562
3190	8	1	3562
3191	1	1	3563
3191	11	1	3563
3192	4	1	3564
3192	5	1	3564
3193	5	1	3565
3193	8	1	3565
3194	5	1	3566
3194	8	1	3566
3195	8	1	3567
3195	15	1	3567
3195	5	1	3567
3196	15	1	3568
3196	5	1	3568
3197	5	1	3569
3197	8	1	3569
3198	8	1	3570
3199	5	1	3571
3199	8	1	3571
3200	11	1	3572
3200	16	1	3572
3201	11	1	3573
3201	16	1	3573
3202	16	1	3574
3202	11	1	3574
3203	8	1	3575
3204	1	1	3576
3204	11	1	3576
3204	16	1	3576
3205	8	1	3577
3205	15	1	3577
3206	1	1	3578
3206	2	1	3578
3206	8	1	3578
3207	8	1	3580
3208	5	1	3581
3209	8	1	3584
3209	15	1	3584
3209	1	1	3584
3209	17	1	3584
3210	2	1	3585
3210	18	1	3585
3211	8	1	3586
3212	11	1	3587
3213	6	1	3588
3213	8	1	3588
3214	5	1	3590
3214	8	1	3590
3215	5	1	3591
3215	8	1	3591
3216	16	1	3592
3216	3	1	3592
3217	16	1	3593
3217	1	1	3593
3218	8	1	3594
3218	13	1	3594
3219	5	1	3595
3220	5	1	3596
3221	5	1	3597
3222	6	1	3598
3222	8	1	3598
3222	15	1	3598
3222	17	1	3598
3223	5	1	3599
3223	13	1	3599
3224	5	1	3600
3224	13	1	3600
3225	19	1	3601
3225	5	1	3601
3226	5	1	3602
3226	13	1	3602
3226	15	1	3602
3227	5	1	3603
3228	13	1	3604
3229	8	1	3605
3229	13	1	3605
3230	15	1	3606
3230	5	1	3606
3230	13	1	3606
3231	19	1	3607
3231	8	1	3607
3231	5	1	3607
3232	5	1	3608
3233	7	1	3609
3234	13	1	3610
3235	2	1	3612
3235	13	1	3612
3235	15	1	3612
3236	5	1	3613
3237	5	1	3614
3237	15	1	3614
3238	4	1	3615
3238	3	1	3615
3239	5	1	3616
3239	15	1	3616
3240	5	1	3617
3241	5	1	3618
3242	5	1	3619
3243	5	1	3620
3243	8	1	3620
3244	8	1	3621
3244	11	1	3621
3245	5	1	3622
3246	1	1	3623
3246	17	1	3623
3247	2	1	3624
3247	5	1	3624
3247	19	1	3624
3247	1	1	3624
3248	7	1	3625
3249	5	1	3626
3250	11	1	3627
3250	17	1	3627
3251	1	1	3628
3251	8	1	3628
3251	15	1	3628
3251	18	1	3628
3252	15	1	3629
3252	2	1	3629
3252	5	1	3629
3253	5	1	3631
3254	6	1	3632
3254	5	1	3632
3255	1	1	3633
3255	2	1	3633
3255	17	1	3633
3256	17	1	3634
3257	1	1	3635
3257	2	1	3635
3257	17	1	3635
3258	8	1	3636
3259	8	1	3637
3260	16	1	3638
3260	17	1	3638
3260	2	1	3638
3260	1	1	3638
3260	15	1	3638
3261	1	1	3639
3261	2	1	3639
3261	17	1	3639
3262	5	1	3640
3262	8	1	3640
3263	8	1	3641
3264	19	1	3642
3265	1	1	3643
3265	8	1	3643
3265	18	1	3643
3266	19	1	3644
3267	8	1	3645
3268	5	1	3646
3269	11	1	3648
3269	16	1	3648
3270	8	1	3649
3271	11	1	3651
3272	11	1	3652
3273	7	1	3653
3274	1	1	3654
3274	2	1	3654
3274	8	1	3654
3274	18	1	3654
3275	8	1	3655
3276	6	1	3656
3277	16	1	3658
3277	11	1	3658
3278	16	1	3659
3278	17	1	3659
3279	11	1	3660
3279	16	1	3660
3279	17	1	3660
3280	11	1	3661
3280	16	1	3661
3280	17	1	3661
3281	11	1	3662
3281	16	1	3662
3281	17	1	3662
3282	11	1	3663
3282	16	1	3663
3282	17	1	3663
3283	11	1	3664
3283	16	1	3664
3283	17	1	3664
3284	11	1	3665
3284	16	1	3665
3284	17	1	3665
3285	11	1	3666
3285	16	1	3666
3285	17	1	3666
3286	6	1	3667
3286	1	1	3667
3286	5	1	3667
3287	15	1	3668
3287	8	1	3668
3288	5	1	3669
3289	18	1	3670
3290	5	1	3671
3290	19	1	3671
3291	2	1	3672
3291	4	1	3672
3292	2	1	3673
3292	4	1	3673
3293	2	1	3674
3293	4	1	3674
3294	5	1	3675
3294	13	1	3675
3294	15	1	3675
3295	8	1	3676
3295	11	1	3676
3296	7	1	3677
3297	8	1	3678
3298	7	1	3679
3299	7	1	3680
3300	1	1	3681
3300	8	1	3681
3300	17	1	3681
3300	19	1	3681
3301	8	1	3682
3301	17	1	3682
3301	1	1	3682
3301	6	1	3682
3302	6	1	3683
3302	8	1	3683
3302	10	1	3683
3303	8	1	3684
3303	15	1	3684
3304	5	1	3685
3304	8	1	3685
3304	15	1	3685
3305	11	1	3686
3305	16	1	3686
3305	17	1	3686
3306	3	1	3687
3306	9	1	3687
3306	2	1	3687
3306	16	1	3687
3307	5	1	3688
3308	5	1	3689
3309	5	1	3690
3310	5	1	3691
3311	5	1	3692
3311	11	1	3692
3312	5	1	3693
3312	11	1	3693
3313	5	1	3694
3313	11	1	3694
3314	11	1	3695
3314	5	1	3695
3315	16	1	3696
3315	11	1	3696
3315	5	1	3696
3316	1	1	3697
3316	16	1	3697
3316	17	1	3697
3317	1	1	3698
3317	2	1	3698
3317	16	1	3698
3318	2	1	3699
3318	8	1	3699
3318	15	1	3699
3318	16	1	3699
3319	8	1	3700
3319	16	1	3700
3320	2	1	3702
3320	16	1	3702
3320	1	1	3702
3321	1	1	3703
3321	2	1	3703
3321	16	1	3703
3322	1	1	3704
3322	2	1	3704
3322	16	1	3704
3323	1	1	3705
3323	5	1	3705
3323	15	1	3705
3324	11	1	3706
3324	17	1	3706
3324	14	1	3706
3325	8	1	3707
3325	15	1	3707
3326	11	1	3708
3326	17	1	3708
3327	11	1	3709
3328	1	1	3710
3328	5	1	3710
3328	6	1	3710
3328	17	1	3710
3329	8	1	3711
3330	5	1	3712
3331	8	1	3713
3332	8	1	3714
3333	6	1	3715
3333	5	1	3715
3334	1	1	3716
3334	5	1	3716
3334	6	1	3716
3334	8	1	3716
3335	1	1	3717
3335	6	1	3717
3336	7	1	3718
3337	5	1	3719
3337	15	1	3719
3338	14	1	3721
3338	6	1	3721
3338	5	1	3721
3339	5	1	3722
3340	8	1	3723
3341	8	1	3724
3341	18	1	3724
3342	3	1	3725
3342	13	1	3725
3343	1	1	3726
3343	17	1	3726
3344	11	1	3727
3344	19	1	3727
3345	8	1	3728
3345	10	1	3728
3345	6	1	3728
3345	17	1	3728
3346	1	1	3729
3346	6	1	3729
3346	8	1	3729
3346	17	1	3729
3347	8	1	3730
3347	14	1	3730
3348	8	1	3731
3348	17	1	3731
3349	11	1	3732
3350	8	1	3733
3351	8	1	3734
3352	6	1	3735
3352	8	1	3735
3353	8	1	3736
3354	8	1	3737
3354	19	1	3737
3355	8	1	3738
3356	5	1	3739
3356	15	1	3739
3357	1	1	3740
3357	2	1	3740
3357	5	1	3740
3357	9	1	3740
3358	17	1	3741
3358	6	1	3741
3358	8	1	3741
3359	8	1	3742
3359	18	1	3742
3360	5	1	3743
3360	15	1	3743
3361	1	1	3744
3361	6	1	3744
3361	17	1	3744
3362	1	1	3745
3362	2	1	3745
3362	3	1	3745
3362	16	1	3745
3363	8	1	3746
3364	8	1	3747
3365	5	1	3748
3365	15	1	3748
3366	8	1	3749
3367	3	1	3751
3367	4	1	3751
3367	5	1	3751
3368	2	1	3752
3368	5	1	3752
3369	1	1	3753
3369	8	1	3753
3369	18	1	3753
3370	5	1	3754
3370	9	1	3754
3370	3	1	3754
3370	2	1	3754
3370	4	1	3754
3371	8	1	3755
3371	17	1	3755
3372	8	1	3756
3373	11	1	3757
3374	8	1	3758
3374	16	1	3758
3374	17	1	3758
3375	3	1	3759
3375	4	1	3759
3375	13	1	3759
3376	5	1	3760
3377	1	1	3761
3377	17	1	3761
3377	8	1	3761
3377	6	1	3761
3378	1	1	3763
3378	6	1	3763
3378	17	1	3763
3379	1	1	3764
3379	6	1	3764
3379	17	1	3764
3380	6	1	3765
3380	8	1	3765
3380	15	1	3765
3381	18	1	3766
3381	1	1	3766
3382	1	1	3767
3382	18	1	3767
3383	1	1	3768
3383	18	1	3768
3384	1	1	3769
3385	2	1	3770
3385	6	1	3770
3385	16	1	3770
3385	17	1	3770
3386	1	1	3771
3386	2	1	3771
3387	17	1	3772
3387	9	1	3772
3387	11	1	3772
3388	5	1	3773
3389	5	1	3774
3390	3	1	3775
3390	4	1	3775
3390	13	1	3775
3391	3	1	3776
3391	4	1	3776
3391	13	1	3776
3392	5	1	3777
3392	11	1	3777
3393	16	1	3779
3394	16	1	3780
3395	6	1	3781
3395	1	1	3781
3396	1	1	3782
3396	6	1	3782
3397	6	1	3783
3397	8	1	3783
3398	5	1	3784
3399	5	1	3785
3399	11	1	3785
3400	5	1	3786
3401	5	1	3787
3402	8	1	3788
3402	14	1	3788
3403	8	1	3789
3404	8	1	3790
3405	8	1	3791
3406	19	1	3792
3407	2	1	3793
3407	16	1	3793
3407	1	1	3793
3408	5	1	3794
3408	8	1	3794
3409	8	1	3795
3410	15	1	3796
3410	17	1	3796
3411	17	1	3797
3412	17	1	3798
3413	3	1	3799
3413	4	1	3799
3414	6	1	3800
3414	17	1	3800
3414	8	1	3800
3414	15	1	3800
3415	8	1	3801
3415	14	1	3801
3416	1	1	3802
3416	16	1	3802
3417	5	1	3803
3417	8	1	3803
3417	19	1	3803
3418	5	1	3804
3419	8	1	3805
3419	1	1	3805
3419	2	1	3805
3420	19	1	3806
3421	1	1	3807
3421	2	1	3807
3422	8	1	3808
3422	18	1	3808
3423	5	1	3809
3424	8	1	3810
3424	17	1	3810
3425	8	1	3811
3425	18	1	3811
3426	5	1	3812
3427	8	1	3813
3428	5	1	3814
3429	8	1	3816
3430	5	1	3817
3430	8	1	3817
3431	5	1	3818
3431	13	1	3818
3432	5	1	3819
3433	4	1	3820
3434	5	1	3821
3435	8	1	3822
3435	15	1	3822
3436	8	1	3823
3437	8	1	3824
3437	15	1	3824
3438	8	1	3825
3439	17	1	3826
3439	11	1	3826
3439	16	1	3826
3440	1	1	3827
3440	2	1	3827
3440	5	1	3827
3440	16	1	3827
3441	5	1	3830
3441	11	1	3830
3441	17	1	3830
3442	5	1	3831
3443	11	1	3832
3444	16	1	3833
3444	11	1	3833
3445	15	1	3834
3445	2	1	3834
3445	8	1	3834
3446	11	1	3837
3447	11	1	3838
3448	11	1	3839
3449	11	1	3840
3450	1	1	3841
3450	5	1	3841
3451	11	1	3843
3452	8	1	3844
3453	8	1	3845
3454	5	1	3846
3455	11	1	3847
3456	17	1	3848
3456	8	1	3848
3457	17	1	3849
3458	6	1	3850
3458	17	1	3850
3459	5	1	3851
3460	5	1	3852
3461	8	1	3853
3462	8	1	3854
3462	15	1	3854
3462	18	1	3854
3463	15	1	3855
3463	8	1	3855
3464	17	1	3857
3465	5	1	3858
3466	7	1	3859
3467	5	1	3860
3467	6	1	3860
3467	8	1	3860
3468	5	1	3861
3469	5	1	3862
3470	8	1	3863
3470	11	1	3863
3470	17	1	3863
3471	16	1	3864
3471	1	1	3864
3471	2	1	3864
3472	7	1	3865
3472	5	1	3865
3473	5	1	3866
3474	8	1	3867
3475	1	1	3868
3475	5	1	3868
3475	6	1	3868
3475	15	1	3868
3476	5	1	3869
3477	8	1	3870
3478	8	1	3871
3478	19	1	3871
3479	8	1	3872
3480	5	1	3873
3480	19	1	3873
3481	8	1	3874
3481	15	1	3874
3481	5	1	3874
3482	11	1	3875
3483	5	1	3876
3483	6	1	3876
3483	8	1	3876
3484	1	1	3877
3484	2	1	3877
3484	9	1	3877
3485	11	1	3878
3485	16	1	3878
3486	1	1	3879
3486	17	1	3879
3487	7	1	3880
3488	7	1	3881
3489	5	1	3882
3490	5	1	3883
3490	8	1	3883
3491	5	1	3884
3492	5	1	3885
3492	15	1	3885
3493	8	1	3886
3494	8	1	3887
3495	15	1	3888
3495	8	1	3888
3496	9	1	3889
3496	1	1	3889
3496	2	1	3889
3497	6	1	3891
3497	8	1	3891
3498	5	1	3893
3498	6	1	3893
3498	8	1	3893
3498	15	1	3893
3498	17	1	3893
3499	8	1	3894
3500	6	1	3895
3500	17	1	3895
3501	6	1	3896
3501	17	1	3896
3502	2	1	3897
3502	5	1	3897
3502	8	1	3897
3502	13	1	3897
3503	1	1	3898
3503	5	1	3898
3504	5	1	3899
3505	5	1	3900
3505	8	1	3900
3506	5	1	3901
3506	8	1	3901
3507	8	1	3902
3508	8	1	3903
3509	5	1	3905
3510	17	1	3906
3510	6	1	3906
3511	11	1	3908
3512	5	1	3909
3512	15	1	3909
3513	8	1	3910
3513	13	1	3910
3514	5	1	3911
3515	5	1	3912
3515	8	1	3912
3516	7	1	3913
3517	8	1	3914
3518	8	1	3916
3519	11	1	3917
3520	11	1	3918
3521	11	1	3919
3522	8	1	3920
3522	9	1	3920
3522	14	1	3920
3522	15	1	3920
3523	5	1	3921
3524	5	1	3922
3525	11	1	3923
3525	16	1	3923
3526	5	1	3924
3527	8	1	3925
3527	5	1	3925
3528	2	1	3926
3528	16	1	3926
3529	2	1	3927
3529	16	1	3927
3530	5	1	3928
3530	11	1	3928
3531	5	1	3929
3532	2	1	3930
3532	11	1	3930
3532	16	1	3930
3533	11	1	3931
3533	16	1	3931
3534	16	1	3932
3534	11	1	3932
3535	16	1	3933
3535	11	1	3933
3536	16	1	3934
3537	11	1	3936
3537	13	1	3936
3537	17	1	3936
3538	16	1	3937
3538	17	1	3937
3539	11	1	3938
3540	11	1	3939
3541	11	1	3940
3542	11	1	3941
3543	11	1	3942
3544	5	1	3943
3545	5	1	3944
3545	8	1	3944
3546	1	1	3946
3546	8	1	3946
3546	17	1	3946
3547	1	1	3947
3547	6	1	3947
3547	8	1	3947
3547	17	1	3947
3548	5	1	3948
3549	8	1	3949
3550	8	1	3950
3551	8	1	3951
3552	8	1	3952
